5120
3848
431
815
689
2639
4592
2845
1954
1913
3808
2696
2799
3627
4908
4575
2853
2375
2247
992
760
3228
2462
431
3078
3078
2384
4735
3759
47
3078
4860
4735
3078
1527
431
1696
3904
807
431
3228
4038
1166
3722
3228
2450
4937
4679
2006
2639
576
3250
2462
2462
2462
2884
2799
2799
2318
3388
576
2884
3408
659
3078
4984
2884
2884
2884
1036
2932
1989
2224
431
2853
279
2540
2853
2899
3458
2639
2583
2474
3761
3078
3228
3809
258
3748
1122
2884
2639
3859
2375
3848
1337
4735
2639
1481
2799
3078
3228
22
156
3078
2696
576
2884
3520
974
4735
2799
2639
576
2216
2696
125
3228
2462
1508
2297
950
2853
4577
3554
2375
4684
3824
2462
2853
4935
4873
2612
2380
2639
4162
2375
2462
1759
3848
4165
2375
3044
2884
2375
4799
457
731
2853
4011
3247
576
314
992
2639
1617
2462
431
3078
2462
2696
576
4059
2853
1410
866
3228
3848
1596
576
4457
3197
3078
296
192
2639
2884
4015
2884
2866
2853
1045
3641
2853
2799
529
2496
4011
2462
4956
2884
2639
3848
1421
1697
2978
1079
3228
2696
2375
576
2375
4605
2054
1650
2274
3228
1539
576
2884
3783
3354
2853
2462
101
1257
2375
2462
2375
431
4065
2059
2884
431
2574
2636
828
576
3221
2639
3228
1660
2375
4512
244
4846
3848
623
3078
3228
431
1990
923
3078
3078
182
2349
2639
2607
576
2375
2637
2462
1701
3078
2462
3111
3714
4428
2884
2375
3333
1669
1535
560
3351
2853
4276
2375
1776
573
3241
2799
431
2119
431
3703
2884
3429
1905
1743
3349
2317
2853
3559
929
1061
2375
2853
2563
2884
2853
1733
2375
576
431
2375
1767
4678
3228
2375
2462
2884
576
2853
576
431
1379
584
2462
4978
4735
3228
5103
3848
2375
2770
5027
431
254
576
3689
1000
2853
4731
4148
3050
898
2639
3350
4308
2462
2853
2361
1022
2781
2865
4985
4377
2375
5102
3228
3228
3078
2639
4296
4757
2639
2323
2853
2884
765
2720
1956
4836
4208
2799
3078
3228
460
1374
2799
3780
3605
3323
628
2462
1326
5070
431
2462
3920
1567
1052
4080
2375
4458
2572
431
3228
4253
2462
1450
431
2884
3935
4747
5048
2073
1334
2696
3991
576
2884
4173
431
4374
3228
4828
2884
3228
2853
4857
1616
1388
3078
1182
2462
2072
3835
3848
431
2884
2812
4495
2639
838
4124
3487
2462
2462
28
2853
2853
77
4854
2696
3882
1772
1789
3153
2639
1255
3546
4735
2639
1262
2406
3228
2462
3078
1934
3034
1347
2853
3078
2228
475
3558
3447
576
2462
2853
2020
2639
3501
1495
2862
97
3186
2375
2462
3285
5055
2799
507
3228
3287
2375
4988
307
2462
2884
2639
992
3970
992
3228
536
1998
2639
4735
2799
3078
992
1766
3228
3078
1749
4735
3228
3228
3658
1621
2639
2639
5045
2375
1496
3078
431
2163
431
3228
2375
2850
2833
5090
3078
2302
992
2696
3078
5095
1179
576
576
2462
992
3848
2266
3347
3925
4968
2462
2853
3848
2799
1369
2884
4779
2462
2884
2853
5030
2639
3078
658
5039
3886
2375
431
3203
3848
431
431
2639
2639
2375
2639
2356
576
4928
2639
2853
3614
2462
576
431
3289
2853
1299
4470
865
4786
2853
576
2884
919
2462
2884
3171
431
3228
2639
4735
5085
4082
2853
2884
2375
2884
576
508
308
3848
3848
4577
3543
1665
2373
2884
431
2375
4180
3596
4078
2639
4143
1987
2884
2799
3971
62
3946
4199
4567
4735
3078
1688
4200
3228
2173
3380
2884
2755
2884
3327
3228
3228
2811
1727
2860
4011
4322
2375
2375
3202
2853
3909
2491
3947
3078
2696
992
431
163
2884
2761
1574
985
2884
780
3078
3848
2853
995
4156
3631
1031
2884
2462
718
2853
431
3848
4452
809
3848
576
3078
3848
3439
2061
2639
431
2038
4970
3100
2884
2501
261
2462
1215
3228
1608
2853
431
3951
2088
3228
3078
576
3581
576
2639
3078
1833
2853
4197
3402
3252
431
374
3699
4240
998
2383
2639
4446
1782
3078
2375
2639
382
5119
3635
1206
2462
2375
3404
3401
2696
4707
3078
1850
4021
3316
4735
2375
2884
4735
3828
2799
3848
688
2639
576
1594
2375
3584
2462
576
2853
2375
792
602
2802
2441
2853
3637
431
3228
431
2884
3591
3228
856
200
237
3078
3228
2324
2884
2915
2375
2462
2792
4089
2375
3078
3078
2375
2025
2462
3848
2853
3106
1436
2462
4100
21
395
299
576
4259
2026
2853
3078
2462
4339
2375
4250
3729
3990
2639
2375
3228
2348
4027
5024
1230
2039
431
4735
2884
3049
431
3110
992
26
1464
2853
4405
2639
2639
2639
2884
2696
4502
3228
2707
4735
3078
1343
723
3228
317
576
4358
3228
2128
4071
992
1735
2375
2809
4600
3116
2152
735
345
3519
2639
2696
3370
2853
2639
2639
2882
575
4653
2884
1119
1785
2884
3696
3517
4809
431
1867
2639
431
576
576
2639
12
3848
2627
255
189
3331
1597
3869
431
2578
1291
2639
2979
4388
576
3848
3102
2639
3826
2283
4243
1611
2462
3228
2799
992
431
5011
3307
1227
542
2462
3166
1053
2799
3078
2734
1294
3228
2853
2462
2853
431
2375
2639
2853
1363
2884
4735
2917
3564
576
2884
1265
3848
1906
1274
518
1576
2639
4914
2639
2853
3228
3228
325
3228
431
3228
431
2853
4852
431
4403
1711
4003
4735
1880
2670
2853
2990
2884
2462
996
4735
3769
992
2568
1287
3078
2853
2764
1013
576
431
4412
2884
3730
2696
2696
2462
633
3218
2639
2673
1882
3518
576
2375
2803
2639
2799
4662
1055
1860
3078
869
2820
3228
3078
2639
4855
2884
5008
431
2884
2884
431
2430
4133
643
3105
1563
431
4491
2066
3078
4729
3228
4612
2900
431
657
480
3754
1424
4922
3078
2390
1300
2853
2824
3078
2751
2462
2853
2639
5023
2338
3526
3078
5061
992
2639
431
1985
992
3424
4774
1295
2639
992
992
3130
4574
2853
4536
431
431
2462
4251
5100
3745
3228
3228
2639
3117
576
3078
2884
835
1177
2853
3078
4439
3078
1075
3228
1829
2101
3366
2853
3078
1971
3277
2195
576
2853
2462
2856
2355
2639
2375
283
4039
576
3078
3747
2799
3848
3228
5028
2462
576
2499
2639
2375
703
1258
3895
3026
5112
431
2431
2462
4822
379
2197
4235
431
576
3848
3078
4140
2397
2853
618
4735
3956
1730
2853
1529
4577
3513
2639
2462
341
2611
4577
431
592
4044
431
738
315
598
3319
2851
3360
431
1519
4950
3228
3872
576
309
2884
3262
2375
2177
2853
65
811
431
4940
2884
1389
1091
2299
431
4011
3078
2267
1600
2462
2853
2233
2696
2884
2462
2375
2853
576
331
2639
3228
2828
1718
3228
2375
313
3301
2696
2375
431
431
3415
576
2375
3848
3848
1239
2853
2603
2268
1896
2773
3042
2110
3228
431
2375
4194
1377
4440
4735
2375
2375
2619
2940
2053
4831
4735
1023
756
293
3848
2507
269
4851
4011
4754
1236
1903
431
4268
2884
3781
431
431
616
576
3798
4819
2515
2375
3848
543
2462
1202
4896
4011
3228
2696
2064
3155
3324
2853
2884
1026
2462
2799
2462
3078
3298
2853
3279
1992
3228
4186
741
2462
2462
766
3078
3848
551
4278
2903
96
576
4909
576
3687
3228
3228
2109
2462
2357
1695
1907
1564
2462
4260
2375
2639
1872
1492
3848
576
2853
730
2639
4840
4029
2427
2884
2009
1955
431
431
928
2884
303
2462
1019
3411
4517
3653
3848
2104
2696
2884
4526
2884
2462
2909
3078
2853
3078
2686
2639
2853
3078
4887
3836
1881
2375
3078
3848
2375
4033
2799
4178
2928
152
4076
3848
2045
2853
2209
2853
2853
4122
4695
2013
3866
992
3078
4264
2907
3078
3848
2179
3222
1599
2462
3078
4223
4066
806
324
3154
431
2901
4895
2462
2375
2884
4011
4735
4577
4031
1626
3848
431
4722
3165
3900
2375
431
3666
1899
648
4384
3078
2853
1097
2362
3848
5000
2375
576
4669
2639
2639
3749
408
2032
2394
2457
2888
4735
3101
1218
2853
3496
3078
992
5010
992
4924
2853
2462
2884
3601
4952
700
2462
2691
2639
431
839
2980
4383
3108
3848
1428
2758
576
1139
4112
2884
2799
2462
3686
2296
3140
2884
2639
4549
576
3228
4257
2967
2639
3189
2853
2462
2853
609
3556
3078
2799
2884
3928
3907
2462
2639
431
3352
2142
889
4756
205
4630
2462
3848
2492
4672
2462
1086
3228
2853
2639
3848
1042
2914
3848
53
1138
3981
3486
832
4735
2189
2884
2853
708
769
2884
2375
2462
3917
4074
992
2375
748
2375
4797
886
4011
3228
431
2884
2853
4285
3078
3025
2375
1357
3228
4364
576
3913
1401
3228
2375
2853
4735
1180
1849
762
1592
1629
2375
2853
2910
4990
3078
3078
585
4309
3078
431
2884
431
4635
2548
1339
2639
4785
3228
4675
2462
4273
3078
2639
2375
2884
576
2884
1092
992
3848
3842
5049
576
3589
3032
4735
3228
3922
328
4256
2375
1197
2696
3228
2853
3345
4313
2097
2884
3419
2639
431
4288
2884
2287
203
431
4877
3228
2884
3228
1365
3096
3929
3228
2462
2853
262
3642
2884
2696
431
2687
4735
2842
4351
2639
4794
510
4283
2799
574
844
4011
3078
4998
2462
2375
2130
4011
4735
2853
4727
1335
4904
2799
4231
3719
576
2853
2853
72
1229
2853
576
4169
2000
4802
2884
3094
1544
4367
431
1360
3078
3848
4712
2696
320
3078
3618
4149
4577
1296
329
2706
3246
4267
4506
2639
1942
3273
576
2853
3621
576
2375
3998
3848
431
3078
4735
576
1670
678
557
2644
2853
4734
2092
1445
3078
3224
4408
2714
2819
2738
2462
2884
3193
4229
3137
2094
798
393
2509
1469
2853
3228
2375
2375
2930
2050
1734
2375
2981
2504
4305
2191
2375
82
2375
2859
3228
1150
576
2853
473
2853
2853
992
2330
1536
2375
226
431
4723
431
603
576
2696
4516
1160
3188
2375
2639
394
2884
576
576
4497
2375
4735
2315
2884
4893
1156
3502
2853
2799
992
3078
3468
2462
4735
3228
3342
2375
1586
167
647
2884
4735
3588
2853
4623
920
576
1348
2044
2639
2683
4745
999
3786
1373
4577
3078
2884
431
3975
1518
2462
576
2520
2884
2696
2158
3233
3310
3228
4290
2927
3228
2462
1583
431
2639
4011
3274
3078
431
4292
1885
3228
3078
3228
2375
3078
3228
576
2853
3228
4164
2704
2639
3078
2696
1498
2581
2375
2853
2375
2674
1500
1474
431
431
2639
431
231
4717
3172
3078
1788
1217
431
1869
3709
576
576
2377
3377
576
2526
2375
4735
431
2853
778
1304
3078
4735
1246
2853
1816
488
1628
3078
2505
2639
449
431
513
2375
3228
2588
2375
3948
1321
3664
710
2639
2884
576
1780
2434
1358
2884
817
2462
1384
533
431
576
2696
4419
4890
546
2375
576
2671
576
2784
4660
1605
3282
3228
2206
2853
3599
2462
2554
2884
4735
2639
2639
992
2717
4434
2853
4372
2884
436
2618
2375
1233
576
2375
3852
4735
3228
2853
230
4746
2375
289
620
2462
1434
2639
3228
431
323
3113
2375
2405
959
3708
3078
2696
3228
3993
4300
2867
3078
632
992
1655
1684
431
1674
2884
3075
3078
2884
4244
992
576
1329
2884
4104
3078
2462
3078
2884
2853
2593
1651
2462
3848
431
4953
3255
372
3078
2327
1235
1967
132
3078
4735
3228
2884
431
121
2762
3228
1297
1105
4632
3056
431
2884
3078
4413
2853
818
2884
2884
2639
310
1973
4018
4686
4588
1641
2462
2462
431
2375
3163
2728
3630
992
2684
4910
1891
1147
1394
2884
2621
2853
2375
3493
4577
4742
2462
338
2230
1585
431
155
2462
2272
2375
340
514
3228
2639
2853
3001
2853
264
197
4047
2667
133
4449
2881
4099
2884
714
4577
2375
2639
833
2884
3078
992
2462
4011
4980
2639
2853
2375
4730
3078
580
761
2462
2827
2853
2462
3195
2464
808
3848
745
2884
411
3228
3311
3078
4147
2884
2799
3048
4442
576
597
2853
630
2462
2301
3078
2328
2853
3024
431
2839
4475
100
4269
4735
431
3078
2926
290
2375
961
2799
755
4647
2651
2853
2462
3265
1293
339
2884
2004
2375
131
2282
3078
576
3078
4297
4011
3228
4254
1859
431
2884
2884
3228
1683
2885
2375
4345
174
3099
3445
2375
2375
3228
3144
992
2639
684
2799
2462
4170
3848
1054
576
2570
991
2799
2639
4692
375
3952
1063
3078
992
3198
576
2696
2375
2639
3078
2462
431
2746
2545
3743
3232
2180
5012
970
3078
4470
3848
992
2853
4577
409
4845
300
2696
555
2853
576
431
3296
4520
431
3263
431
1060
396
992
2853
3078
496
576
3228
4416
2853
3078
1253
5087
4562
3228
2853
3148
992
3317
2853
2961
576
1647
2462
3459
420
195
2740
672
440
1889
3078
3078
3078
2639
2639
431
2884
2998
2884
3308
2853
3260
2700
467
2375
424
431
4689
431
2799
992
2884
2853
431
2639
273
429
2614
2853
1033
2639
752
834
2692
2806
2375
2138
431
2403
3078
4554
2462
3228
2375
576
2639
2844
4804
2639
2262
1915
1172
2853
1738
431
2884
2813
3228
4207
3228
3228
3999
2123
576
638
3078
2639
3348
2799
2639
2261
2718
2375
652
2884
431
190
2853
2462
4749
1093
4938
4735
1543
1252
4212
3029
370
287
3091
2375
113
3228
2443
2639
4920
2639
4761
4195
4501
431
2884
3665
2462
2853
1130
76
2884
3837
2375
354
1555
3228
2657
576
2729
2884
3228
3078
2884
2628
3228
1821
4778
3228
992
4241
1873
3228
3848
5107
3078
5078
37
4487
3848
3848
3480
3228
2696
2022
1619
1007
3576
2884
2462
4735
4365
295
2375
2462
4932
3848
2407
914
2375
4550
388
2462
2325
2884
4472
4564
2639
2884
576
2852
2639
2639
2853
431
3927
2365
431
2559
3228
431
732
2869
400
3368
2853
2375
2853
4557
3078
431
431
2884
4482
3078
1944
2639
3529
2256
2375
2462
3867
3228
1724
2462
2231
2853
387
3848
3848
2853
2639
2375
1387
3455
431
740
3228
2375
4639
2853
2462
3228
565
3078
576
3228
2799
80
1204
4063
3692
2226
2462
1725
4847
789
2696
1716
2462
3771
4542
2639
992
2015
431
4725
4494
2799
2225
2376
2884
3078
469
4179
1620
3834
2375
2462
3228
3560
2884
4540
2853
3228
431
3078
2771
949
2853
2375
2853
2696
2202
2884
2639
4726
2375
3078
3078
431
2848
3381
2378
2853
3986
2375
2462
717
576
576
2853
4011
1902
4272
3586
3359
2799
2375
1726
3133
2884
292
3228
2639
2938
2884
1713
360
3228
2639
2853
4533
431
2375
3078
2462
992
4410
3078
2853
3818
191
2575
576
3228
2003
2375
2462
3078
2702
2884
4553
576
431
3776
2639
938
739
3228
525
3078
4011
3257
2375
4735
3228
1419
431
2462
2696
1125
4735
4471
2169
4174
4760
18
2375
431
4335
2696
1273
2801
1686
3848
2162
4541
2853
3078
3228
219
2696
576
576
576
1851
1610
4735
569
327
946
4120
1121
5081
2884
1646
3358
3275
576
3848
4789
2639
431
1412
2853
2884
2696
4670
2255
431
3785
2884
2375
2562
428
2682
431
55
1898
4577
4463
3848
431
2884
3523
4775
3228
3848
852
2354
2375
2853
3078
2375
2884
4011
2146
4153
4733
24
576
2462
1607
4563
3078
2853
2375
306
1901
158
2853
3848
431
2696
716
2639
431
2884
2558
2551
2853
2184
3053
2375
2386
576
3078
3892
4455
3462
2696
3228
455
576
992
3228
4011
3760
3228
2853
3017
3010
3272
1550
3228
2151
576
3259
2759
4041
3168
2884
1249
2375
1372
2694
2534
1080
3848
431
2639
3021
431
2217
431
3078
3228
4870
4863
576
4393
391
2428
431
2814
3848
3491
2884
2462
4735
1014
1837
3919
2696
4353
2083
3848
541
111
2459
431
2853
481
3078
1612
2769
576
3228
590
1178
4151
2853
3229
3806
1490
2639
2650
75
431
431
2853
4735
431
3228
2696
3078
1009
431
3764
2462
2090
1152
3185
3848
1983
2696
4735
3078
1769
3655
4577
2884
4401
2884
2884
4043
1367
2713
3427
3103
2462
4217
4638
4618
576
2853
445
3884
1604
140
94
1571
4242
3228
2884
2112
2886
204
431
576
1630
431
2815
350
2639
2695
2853
4728
2679
336
2023
3139
4131
1044
576
2853
2375
4527
1588
3848
3697
3078
3623
348
2375
4735
2375
3078
4795
2042
431
3181
3706
515
3059
605
2853
2639
3505
576
3228
3078
576
3078
2375
3750
576
2884
3228
4868
870
3078
2375
4407
3078
2577
2462
2884
3701
2696
1736
4011
2639
3228
4768
404
2462
1517
2245
576
3078
4671
4806
466
4011
2310
304
2884
2853
4735
2239
2884
5009
1763
4011
724
3578
4509
431
2586
4291
4992
3740
2375
1931
576
4379
2853
566
4528
2639
2853
4146
3460
232
1454
1524
3078
4735
2853
3905
4735
1916
3231
576
2799
593
3848
3887
431
431
1819
4701
3078
4086
3848
3977
3943
2853
1809
2462
2884
2924
4172
1623
246
4271
3738
2884
434
3294
27
4114
2375
2639
305
3230
3078
1366
1581
4735
922
2305
2853
4818
820
2853
2639
3228
3078
2639
1553
3072
1960
2696
2853
4569
2462
2375
1333
211
516
4641
2905
1431
4735
1917
2884
3228
2639
3357
4068
4060
3228
431
4121
3848
2974
1484
3078
3228
2375
2462
3228
3668
4801
1132
3060
5118
4334
196
2884
2872
2201
570
1368
4024
2853
2602
576
3367
1403
675
1331
3930
3603
1887
1359
70
2733
3848
2011
366
576
4510
2462
3228
1127
4654
3228
576
1332
148
5001
3078
3228
910
3228
2696
3848
2639
2214
3061
3228
2884
3973
3848
3078
2853
2238
2696
1532
3078
3228
2462
1750
3848
2853
431
2462
2799
2462
3392
3795
2703
4848
3848
2685
4735
2375
431
3078
5079
2342
2871
2639
2853
3138
2853
2639
4011
2466
2375
2884
13
2639
2375
2264
4735
1609
2884
2705
4571
2655
576
1162
2375
2462
2639
3757
362
576
1302
1010
2375
3228
3989
3118
744
3848
431
2375
3078
4983
576
621
4030
2853
1645
2884
4072
431
2986
2884
4735
4697
3967
576
2462
2853
2375
4461
2462
2150
4577
431
4969
3318
3228
3078
2437
431
3725
2639
4454
855
1025
576
1015
160
1746
2375
8
4824
2485
538
576
3228
2722
2696
902
576
4735
3162
2799
5083
1975
2884
3335
4347
2799
2853
4371
2639
2853
992
3228
2853
431
2696
1190
423
4032
431
4477
2375
3645
3228
576
2884
3078
2639
3228
216
1354
4835
3848
2884
4344
2884
2055
431
2462
654
1198
4735
3724
2853
2462
2853
1627
3763
2639
1443
2462
1072
2148
1228
2853
3848
799
2462
3465
2884
281
3129
3456
1456
3228
576
665
2853
2884
953
2884
3608
2508
2639
2696
431
2853
4685
3078
2359
3228
2456
1398
2799
2069
1462
2864
2884
166
130
4735
3906
2884
992
3078
3078
2639
4931
2375
3078
5016
4735
4813
2375
1485
4263
1048
624
2375
5025
2853
3939
105
2462
2853
3228
431
4658
81
3950
1195
2409
2884
4011
576
431
3848
4324
3848
2639
2696
3078
1681
992
3228
2502
4867
3228
3470
1020
431
1440
2639
1565
2037
3039
1049
3766
2884
2853
431
2884
2884
3228
4735
2375
2375
2462
431
3228
2170
2853
2853
2592
2375
3078
284
576
2462
431
50
6
3805
3662
1559
3078
4711
5034
2446
3078
2432
2853
1690
2853
2375
2853
3228
2799
2462
4602
2884
2941
2375
576
2884
4332
4693
2137
3406
419
2462
431
4022
2799
2462
2929
343
183
2108
431
2853
2853
4188
2462
2884
2884
2580
576
2481
576
3770
2696
1199
2799
4957
932
2696
3191
2248
2639
992
2639
1941
547
4011
2375
2853
4011
2462
1349
4614
1330
431
2375
3078
2853
1307
1161
3418
2884
2375
3078
576
431
3078
431
2462
993
2639
1071
2884
3228
4616
1356
119
1004
3228
4735
1103
2422
1552
2462
2853
2275
2462
4245
3848
626
2375
4248
1149
2696
4713
3875
3228
3735
2420
3365
431
2853
4788
2462
2853
3078
4310
1722
1692
2462
4681
1764
2799
2372
3078
68
4948
2639
2639
3768
5047
2645
2326
3512
3228
1124
3228
729
2613
3848
795
4900
2375
2375
2462
2884
897
431
3299
3228
3020
3228
4102
4750
534
127
528
1712
2853
1856
4280
3228
3078
3228
2340
4049
4097
2190
2462
4884
2696
4735
4735
3994
992
3002
3228
2765
431
4142
2863
2604
489
2375
3240
1275
576
3228
879
2410
2696
431
3228
576
2799
2853
4470
3707
2375
576
4687
3078
2462
576
2654
1088
1268
823
2375
4943
3078
2375
66
4885
4735
3452
2375
2029
4465
371
2743
2853
1278
2884
4781
4911
2308
2639
4105
2696
3684
2853
3848
2375
2462
3542
3228
4011
2853
4057
3228
4524
3479
4453
3384
2639
1663
3228
576
122
500
1176
3078
2853
4773
3228
2726
3196
1751
936
576
801
2143
1116
768
3228
3532
29
2853
3078
2043
2375
840
5020
3078
2800
3228
576
2375
2884
2462
2884
2853
653
431
2639
3228
4294
4916
3078
3078
3078
1984
3848
2884
3128
4629
2124
3097
4108
1520
3545
431
2462
2911
3228
2853
2892
2375
3078
2544
2375
992
2462
2375
2375
3228
803
2462
3838
5013
2853
2853
4876
2884
1099
1732
4735
2375
3847
2853
431
2639
1068
2462
431
2884
796
431
2584
3228
3823
2879
2777
431
4827
431
3078
608
591
1155
78
4581
2139
4168
2439
359
4470
4897
5007
576
2484
3527
2375
3228
3848
2462
3228
4739
390
2853
2590
2462
3065
4751
2853
3243
576
4735
576
2853
431
3570
2017
3494
2012
2884
3228
431
2966
3306
3040
695
3908
4555
4735
2639
2799
3169
2696
1318
1106
520
2375
576
576
431
2462
2639
4724
2375
2462
2089
2309
431
2462
431
3078
2639
1664
1874
4127
4735
4577
2462
3848
4735
2841
702
358
3228
4735
2375
3086
322
431
2799
3610
2375
3326
4735
2462
3228
1220
431
1602
2375
0
2375
2462
1546
5086
3207
2898
4470
2639
4829
1890
3164
576
2799
3228
3228
2208
2106
3078
2462
2375
3228
1059
4252
2853
4803
3078
3228
3028
3568
685
2557
4735
2884
2547
2375
3228
1810
4843
3461
2985
3131
3228
2555
4316
426
2884
2462
2696
2375
2853
2799
2853
2291
2122
2375
1082
3019
1679
2676
2639
819
2884
3228
3228
4361
1656
3921
827
576
992
4355
4894
1667
3639
2462
2221
2375
576
2462
1846
2462
3078
2259
3387
4422
2884
698
2375
99
2462
2660
576
3313
2853
1416
3848
1570
4011
2375
2884
431
4702
4062
2853
2698
3803
3078
4705
3353
2118
576
1205
482
1857
749
2375
2363
3078
992
1823
992
4812
3412
3176
367
2462
3184
2696
3228
1320
3878
3399
3062
5082
4735
2556
4748
1237
2375
3078
431
3746
859
2375
4949
2639
2462
3078
942
2639
3959
733
1514
2639
2375
2853
431
4844
1292
4735
3078
3671
4962
687
2853
501
42
2884
2462
2639
2462
4226
1028
3214
1370
2884
3228
680
2375
115
1244
1897
3078
5033
3848
2853
2375
4735
4888
3228
4765
2884
2153
1405
2884
2639
1966
2639
3078
5054
577
3710
2375
2448
54
607
4011
2352
4613
576
2884
2639
301
559
2639
2288
2375
2641
2276
2375
2375
968
3604
4850
4519
3127
439
3228
3078
3864
3078
3848
2639
2375
2696
2639
2462
4479
3078
4688
3078
1659
2884
4934
431
2375
431
431
431
4238
172
576
1863
431
2992
2345
4333
3018
576
2375
2853
2688
3078
2462
3194
2835
431
2696
2375
3848
3078
4945
2799
3228
1731
3978
1691
3078
2884
3228
2375
4432
3870
3848
947
917
3228
2375
2462
2799
383
3055
576
4470
3051
4116
2884
2639
4719
3078
3848
23
2462
2375
601
3078
1758
1521
721
4593
4232
312
1285
4735
3848
2971
4933
1192
2884
3228
2521
3228
2639
1352
821
891
3228
3078
2375
3228
2799
576
2853
3078
337
640
2462
1083
1657
3228
2799
4735
3228
3933
4123
3078
3495
431
3737
3883
3848
1383
2639
576
2639
485
2375
3830
2375
2931
2853
3179
2884
116
2853
431
5074
697
431
3078
1081
3078
2840
3228
2696
1288
431
4577
2634
4489
619
2270
2884
2462
1340
431
285
3848
4964
753
2639
576
576
2821
519
431
3228
2639
3753
4582
431
2471
3845
2853
903
2884
2896
3228
2375
2853
2696
431
1064
4735
825
2462
576
4107
2994
2639
895
2854
431
2716
3557
3855
4227
4611
2884
1264
2375
709
2884
3984
3211
2640
1842
3228
841
4606
3228
2639
2084
444
2103
3304
576
2884
4791
576
139
1336
2853
3078
271
2375
952
2071
5064
4720
503
4762
2298
431
925
2462
2853
3848
2462
1327
2105
2462
576
3078
3444
4853
2444
3261
890
4045
4337
2884
2295
2462
2385
1041
2018
3269
2639
3228
576
2834
431
4619
2462
4016
1458
576
1487
4404
4772
3210
2884
779
431
4915
431
431
1115
576
2241
1787
3378
4665
992
2853
1109
1085
576
2884
2639
431
3436
576
2884
2791
3409
2375
4735
2375
3228
3063
2639
1012
2462
3078
1591
2375
2462
33
3134
2799
2598
576
3078
1747
3228
552
2462
4714
2972
4161
4735
2853
3813
2462
2639
4011
2375
3334
992
2799
2462
2696
576
278
2696
3115
398
3228
2853
3868
1511
4415
3016
4462
1653
2462
767
431
3228
4735
4445
3860
384
3848
2853
725
2067
1613
3084
2853
2351
3794
3078
2462
1361
1165
2639
3850
2063
2799
4093
431
4433
2639
670
3228
1770
236
3632
4011
3078
84
2639
3078
4233
4766
431
3014
4735
3571
2696
1865
431
2375
3228
2136
2884
452
2375
178
2462
2639
2696
2462
3271
2639
576
2258
3587
2375
2639
431
2853
431
2963
2503
2853
576
2799
2639
1802
576
3078
3700
913
2853
2853
3078
3848
2462
2375
2486
2884
2884
576
4708
3228
2799
3228
1632
3848
3228
2884
576
3206
2739
2884
3228
431
2375
2125
3228
3829
2404
431
3819
3407
2240
2375
873
1866
4735
4484
2462
576
2396
462
1208
2853
4872
2675
3228
2639
3078
431
576
5015
2375
1189
992
2853
2375
992
576
2884
2541
2696
3078
2884
2285
1455
4210
2853
2884
1
3011
4735
4293
2853
3862
2639
2884
1142
3212
2884
3228
3078
210
1831
1281
2462
3078
1493
2853
4081
1918
2639
3848
157
4360
412
431
1593
2334
2753
1719
2077
1491
4470
4221
4929
1479
2312
2696
2107
3228
943
1635
3078
2853
2639
3911
87
2639
2884
918
4011
3228
1447
4763
3136
2639
4735
5071
3425
2799
2470
4190
3936
2375
2121
2140
2853
2375
576
1446
431
4578
2375
3848
431
2884
4317
1145
4923
3215
194
2375
978
576
3228
4094
2884
3078
2031
431
3228
1184
2375
2908
4833
3078
3343
2804
576
4376
181
2884
576
1214
4826
431
406
3228
3228
2799
2853
1614
2696
4515
3734
2375
3078
2799
2853
2550
667
3228
644
431
3027
2462
2984
2375
3228
2884
2884
2639
1164
2375
728
576
1790
773
764
2887
4655
4621
576
4050
966
576
2234
2639
3682
3772
2884
4832
5057
431
431
2884
4610
88
2188
2462
810
4841
218
512
4255
4690
576
576
2375
4579
3078
2884
576
3848
2853
4228
2639
51
159
1760
4735
2462
2696
1957
1533
2696
3151
5042
3078
3228
2451
3321
3228
3848
5014
2375
4735
576
431
576
431
1137
431
3893
3228
2853
3228
4225
2639
4514
3228
2853
2375
2873
4698
3078
46
265
4805
858
2462
459
2639
4899
431
2273
576
3228
2799
3290
3228
2639
3228
4013
193
2884
431
2799
2375
1554
1364
431
3228
4735
2462
3076
151
1399
2799
576
3078
2639
992
4958
1717
5117
186
2005
3228
2639
3931
4755
427
1886
4312
576
2639
1316
3441
2462
431
2211
67
3078
800
4735
5065
576
594
2506
3078
2375
2254
2375
4875
3078
2639
2462
2884
4476
2639
3238
576
3320
3453
3848
2639
2389
3466
1847
2668
2375
3041
3228
2367
2482
2696
2853
3497
576
3078
2853
576
2382
2375
4704
3078
4735
2375
2884
2030
2082
4743
4859
2087
3966
1277
2853
1213
2156
4735
2538
4966
2511
4735
3676
2723
4735
3228
431
2375
2853
2462
3670
2696
2375
4058
2853
3071
2469
2853
522
606
2853
3848
4735
3848
3848
2375
484
4663
992
1946
3228
1997
2747
431
2853
2462
2767
3078
431
3078
2375
2805
726
3228
5021
2639
431
2799
2462
3843
563
3078
2853
1433
2375
3857
4735
2629
2884
2375
2518
3213
4053
1569
2799
4901
3997
2884
4735
4448
2968
2375
2639
2462
4411
2884
2205
3228
2853
2462
1624
2218
3590
2853
2462
576
2884
2595
3078
3848
1077
431
3376
1305
2853
431
2639
3451
576
431
276
3228
431
992
3752
2370
2375
595
576
2853
2462
797
3483
1631
2639
247
1429
2711
3848
576
2884
162
2639
3228
3972
2884
2884
2375
4338
4470
1306
4735
3799
5068
2375
3961
4735
2853
3078
431
2884
576
1355
431
3683
2449
2853
2884
2462
1478
2594
4561
4903
4470
576
2375
2462
2599
2219
2853
2696
3736
2956
2462
3228
206
3228
2884
1408
2830
3228
1538
499
1510
2639
2884
3848
4715
646
2639
3228
5072
576
431
2696
2799
431
2375
5003
1672
822
4718
2639
992
2696
576
4397
2884
627
4456
2375
3475
2375
4083
1453
2884
1245
1929
912
3848
2853
863
431
3228
2730
3293
1118
2639
2799
2853
220
1250
1578
2853
2375
3848
3731
3121
3078
4513
2639
2375
3848
2462
3841
2884
243
2375
2696
2075
2462
3078
2884
2462
5099
867
3078
431
775
2816
4281
2375
4011
268
2639
2462
392
118
576
3078
2853
3078
1836
2799
576
4771
1828
2639
843
1290
4459
2639
2375
3691
2853
3078
576
3228
2639
4103
5063
2639
2639
3078
49
3022
2462
2939
431
4359
2236
2794
2949
1744
2639
3673
2462
3228
4607
2884
3438
4426
3228
98
2375
2639
576
3980
4682
2375
2884
2884
1380
4735
576
576
2375
1241
2280
3078
2243
3889
217
1282
2768
3235
2375
2462
1525
4902
576
2462
234
2375
1739
2421
3315
2375
3078
576
3228
153
3659
431
2884
927
3078
2884
4382
431
2462
2639
4443
4973
2884
2639
2884
576
3537
2868
3228
926
179
3078
980
2292
3078
4111
2669
3898
3078
2884
177
4944
1513
1800
3078
4011
1904
5050
3609
2293
2462
2919
576
3912
4219
2462
2884
3228
4054
4499
3848
1870
2375
576
2999
1303
2639
2462
2884
3078
3471
2462
4839
437
2639
319
2639
771
2884
2304
3283
992
2375
2639
2479
1043
2462
2923
431
921
2458
2375
1391
1488
198
2379
1515
4286
4735
1315
3078
3848
1982
4352
3078
4249
3228
2375
2946
3228
2853
4807
691
3078
1796
2853
1687
2853
2884
364
1141
2639
2884
3175
2708
2462
4119
93
3375
3078
2375
576
2375
3180
2638
1900
2731
4326
431
2375
2375
2375
4343
431
994
369
2639
576
3616
4157
431
2375
2662
2002
990
2306
431
2462
1017
1266
2375
2639
2853
906
3078
3499
2001
2884
2957
2375
2375
2375
2036
576
4481
2429
3000
2853
576
2257
2339
2375
4011
1415
2375
4864
4092
2884
4490
3078
4620
4913
2639
3078
2639
5073
2601
2639
3228
576
3078
3228
3650
576
4441
2696
2696
576
270
3506
2884
1757
2462
4759
2696
2462
3078
3848
2375
344
3078
2375
3848
239
4237
2639
1545
3467
3848
981
1503
4566
1951
2462
4735
1159
2300
4247
2329
4979
1279
4752
4650
2375
431
5026
3228
225
2333
2639
3522
492
4735
2639
677
576
1720
431
2462
56
2462
2696
431
3078
2960
2884
2853
754
1157
3078
576
576
431
431
2853
1477
2853
2387
2826
532
4664
2696
3848
2525
2853
975
1721
2853
3848
2375
2639
4011
876
1216
2878
576
2853
4539
2375
2639
3228
3228
260
2639
431
3374
2203
2696
576
2639
2462
2608
2799
2639
4101
347
2884
2823
2696
3801
3863
3078
2853
3228
2375
3228
1531
3228
2989
2445
576
988
2375
2111
2639
1848
3888
3170
3228
4735
2462
3009
3228
4787
576
2884
2514
1920
4141
2696
2462
38
2375
2462
2853
4691
4573
2696
1925
79
3848
2853
1271
431
3078
431
3078
117
2639
3078
4608
1577
3078
3228
2347
2381
2086
3078
2462
2375
1371
2808
2884
2853
3078
576
2468
3744
2049
2639
3955
3228
431
2639
3228
2462
3090
442
3848
2884
706
2884
2913
2884
682
3848
576
3873
3477
3983
259
4735
3597
478
2853
3228
701
3789
491
3341
909
4011
2912
548
2884
4425
4700
2975
431
576
3234
1084
2853
69
2375
550
3371
2639
1502
759
2307
2462
2884
2639
804
431
2034
4067
4362
2884
2696
4329
1505
1509
3500
2529
2639
3228
4735
2375
164
1468
589
526
3078
1451
431
41
1618
3585
3228
2719
4811
2462
2884
431
905
4649
4735
441
2606
4570
1933
4274
2134
16
431
3649
2884
3652
3567
2375
1761
4134
662
2853
586
3078
421
576
992
3594
2212
495
3078
673
85
3848
494
1102
4987
2996
2853
431
3711
5060
3013
2344
381
2853
3078
2041
3788
2948
431
2884
3228
2368
3364
3839
3228
2639
2375
5093
576
3848
5035
535
576
2639
3078
992
4735
649
2433
2462
2375
786
2375
3078
1817
3228
3797
2853
253
3423
2853
2853
431
1224
992
4275
1832
576
2144
992
2696
576
3382
4467
3918
1435
3228
3383
2799
3228
3848
363
2696
2235
4544
2849
2375
2462
2853
2884
389
471
576
3896
4395
4008
2639
2375
2916
2573
3979
1547
576
2884
1748
355
2375
3228
2639
120
3078
4470
3254
2462
3726
3228
3767
4529
3078
2696
1675
2776
3156
3078
5031
962
57
2639
4951
3078
2853
3078
1261
3078
2462
2884
2853
992
2500
3078
3228
727
2200
3178
2853
3078
2462
2375
3054
3267
2853
2696
3848
431
2154
2639
2639
3228
4215
2058
4468
1970
2884
3606
282
431
3309
4389
2884
1526
3078
3093
3132
4474
146
431
2462
2853
3078
3446
3848
2187
1700
1723
4106
992
2796
2884
2696
2884
1972
2991
2462
2944
2462
1606
3849
3078
3078
5069
5114
149
979
2639
3201
746
2253
2696
2696
982
576
2375
2375
431
2721
3228
3078
2490
4505
3314
2375
4892
2462
2884
2462
4400
2962
1622
3078
4735
3848
2884
2853
4392
4926
614
3078
5036
2853
1400
2375
2639
2678
2884
4954
1922
1225
3602
1703
2799
3846
2375
5101
3515
3228
2639
3104
2884
4006
4735
4898
2639
2799
1854
2853
2649
576
3078
2884
2884
2639
3078
431
3256
4625
4735
3775
3562
4721
2462
2799
2853
4321
2375
2853
4572
2853
576
2639
3969
2884
4880
4488
4061
4204
1560
2884
2488
2884
2375
3228
4735
3228
3078
4396
4735
2853
3278
3228
2639
790
4694
2375
1814
2462
2462
2375
2696
4423
1465
1346
5116
984
4011
4735
2884
2462
2626
576
431
2294
1845
2639
2375
3216
1779
3305
660
4534
2797
5037
2495
2853
2
1207
2462
2853
2876
1110
431
4996
431
3848
2462
2884
34
4735
4817
425
896
2897
2853
2113
781
622
892
5088
4011
3915
3078
2853
3078
2609
2375
2639
3386
3078
4878
3220
2375
637
2639
4648
3228
2375
4349
142
2375
2853
1342
3300
3228
713
2462
126
1175
1704
2799
576
401
2884
576
2639
4974
1035
2853
1991
3035
576
2799
576
2497
576
2884
2461
1752
2278
2462
722
2375
2891
2010
1006
3036
3848
431
2375
2884
2639
743
2884
3228
2371
3078
294
431
3078
2246
3848
2375
2639
4735
2853
4981
4735
2375
1134
2884
977
2696
1572
3393
857
2462
3848
3078
2754
2884
2987
2596
1470
2462
1803
2884
3078
3078
2424
2531
1486
2884
431
154
3848
2666
3322
3595
2799
3848
3228
3119
405
1575
2853
3600
4657
2836
2853
2639
3643
365
3228
2475
2696
2587
3078
3078
2884
824
4782
2884
2799
2884
1795
1223
3469
2639
431
4056
1598
431
4011
3338
4946
2375
4222
1168
2052
2853
486
2078
2462
4767
4064
2853
3078
3228
2375
2375
1853
2696
2643
2853
3848
2462
3228
4046
1047
3831
737
4577
431
3167
576
2196
3228
2375
106
2375
4266
2462
1101
933
2639
3078
1140
1969
992
2375
1791
2853
576
2853
2462
4011
2462
641
2375
2884
92
2853
888
2853
4758
2799
4002
576
5106
4735
431
1251
2375
2047
2639
3848
2462
3848
4793
1129
2884
4735
4521
1927
431
2102
4303
4652
1892
3395
1272
2639
2787
3295
3078
3228
2889
1221
431
2799
208
2401
2166
1325
576
1974
4965
1792
3982
431
2478
2462
3078
2639
2639
2375
2462
1754
4319
1914
2639
2853
4735
3092
1815
554
3228
4735
4735
576
1418
3228
2853
2375
2532
2462
431
4735
4010
576
2462
2639
2546
431
3302
3228
1589
4906
431
4386
3228
3228
3228
4738
1219
2884
2311
576
3228
3126
2210
1566
576
4011
3078
2874
3219
2853
4535
2778
2131
2419
2375
4203
576
2696
2904
2462
3848
2566
2183
4735
35
2732
576
2853
2884
3228
847
2884
3985
431
2786
2600
3848
4193
992
2884
2884
576
2712
3228
1938
3223
2639
3078
2463
1073
1069
576
2455
2884
4470
2696
129
2799
2639
2663
4879
3228
1755
2853
3733
3078
576
431
2799
2772
3078
2535
2182
2853
3414
2693
3848
5084
4586
3190
2375
2564
224
335
4011
3228
2375
2571
4628
332
1952
2639
854
3228
576
2884
2884
3945
4735
4640
431
1289
1976
2375
576
3228
3848
48
4429
3228
2462
1473
3688
2853
431
431
4498
3848
576
576
576
2853
2639
1409
3228
2853
2133
5066
3390
5017
4311
1311
2639
2853
629
274
431
3848
2696
5051
4129
2639
2375
4011
431
4552
4548
2639
2639
2639
576
5115
1404
2639
3679
4125
2799
2639
2853
3078
431
576
3648
3078
2375
3008
3228
3405
2560
576
650
3078
883
1430
3182
2375
2853
3078
1774
2853
4637
4302
2375
2853
431
3078
4577
431
2375
1308
3848
431
4849
1949
5043
2884
576
3078
2748
4042
2462
4972
4005
992
431
3988
431
3580
2877
3038
2799
3228
2513
187
456
2639
4577
4342
4375
829
2853
431
2375
2799
4735
2462
924
576
2639
576
3141
576
4098
5059
4385
4601
576
3078
2178
2853
2375
2884
2884
431
1808
4011
596
4886
3228
431
4815
1864
1174
2799
576
4328
4820
4011
562
2639
4735
2114
2533
4699
4558
861
3228
249
431
4624
3848
1707
4470
2095
3848
2799
3430
4591
4052
3675
3848
2375
3078
3228
2853
1709
4576
2853
3078
2774
696
3228
992
2391
2284
4315
4881
431
576
3078
2906
3228
1947
431
291
2853
4798
3507
4152
3815
2783
3490
576
2653
227
2853
2799
4518
576
3228
878
3853
576
2462
2639
3369
2884
4596
4485
3089
576
3228
2853
3297
2462
3150
2565
2884
5091
2375
3228
882
3848
3626
4816
2388
3228
2639
2375
1698
2527
1878
3228
3848
4236
1185
4070
2884
2935
2853
3078
3728
3078
2853
576
1936
3078
2375
2585
1381
2375
3548
4155
2696
3848
1822
3825
3078
2639
2639
1980
431
2799
4090
4862
4991
2696
3078
1170
2825
2639
2884
2462
2617
2462
431
3228
3177
2639
930
1067
2375
173
576
2194
2375
431
957
3228
2853
2696
3228
431
2375
1186
2853
3848
4109
4184
2462
1580
5096
3848
1390
30
2271
4871
777
431
576
431
3078
3328
431
2639
3228
110
2639
4735
2375
431
2884
2185
1813
3078
3078
2884
431
2884
2884
431
4735
509
1516
147
3428
2639
2853
2884
4299
2375
431
2639
576
568
2639
1542
2375
4418
2853
505
1573
2375
4331
2147
1868
431
2853
4464
2462
976
2375
3899
2696
1442
1066
431
2375
576
1968
4040
4735
2399
1876
2286
2639
2632
4982
2853
3910
3228
2375
576
3880
4091
1939
4800
3078
1173
4128
5
431
3620
2853
2884
2375
2622
864
2884
280
2639
2462
1943
431
3078
1988
2375
2375
3078
3078
3078
4205
3085
2937
1862
4735
2884
3433
1480
3848
1561
4525
3078
4735
2853
1309
576
2462
2135
4595
2853
3654
4023
109
3228
1806
238
2639
2375
3312
4436
4538
170
138
2943
1839
1912
4163
431
4735
2646
2701
2398
2853
576
1232
2244
5110
2462
3078
2696
875
221
3524
3678
2884
431
2375
2279
3228
2853
4537
2639
2462
4246
472
2853
2462
4444
3228
2843
1562
4834
3698
2375
3078
4350
2176
2853
3081
2853
2696
2462
1090
576
742
2884
3087
3228
4597
4171
2462
1775
576
2375
2884
4735
4511
4340
4680
2884
4735
3078
4500
2884
3672
3228
431
1027
2624
874
2884
3078
2639
1210
1153
2639
1986
2853
3848
2375
2884
645
2853
448
576
2242
3228
2193
4356
32
31
3718
2462
3228
2260
2884
112
3228
431
4270
576
2697
2552
2884
4842
2412
351
3848
2696
4166
2639
2639
2524
3078
3812
4380
1771
2639
3078
2411
576
3228
431
3504
3098
1841
2462
576
2853
2953
3228
2498
431
3078
1212
2375
4304
2375
2319
4035
431
5104
2530
576
1444
2462
686
1637
1222
2699
3037
576
2853
3541
915
2757
431
2462
431
1827
2639
2853
4735
2853
4381
963
1549
1601
2763
3078
4470
849
576
431
576
2639
3617
3663
3949
2799
2364
2462
4466
3848
3773
2799
2884
2639
3848
2639
3228
1056
611
3173
4144
4011
2639
2884
4320
2375
3848
2853
3848
2375
3593
431
1029
2316
2853
1117
4735
1461
2853
2639
2375
4191
431
39
2462
4598
992
2884
787
3448
1634
2799
4110
3228
576
2799
2696
2639
2639
2462
3078
4930
431
433
4703
3286
2639
3454
3066
2861
782
3379
3228
1940
446
1441
431
4028
3078
3848
2346
2639
3069
604
431
2884
4011
3031
2884
432
2639
2741
2375
2680
431
3937
4295
576
2375
4599
576
2080
2799
417
2853
4580
4011
4154
576
1483
3228
576
2462
2639
836
1382
4777
3228
2853
4427
2884
2993
2884
576
2853
5094
1107
3848
576
576
987
2375
3474
2375
2696
3858
1187
3503
431
1799
4609
2884
576
5092
1113
73
169
3228
3848
3995
3228
576
576
2462
458
4696
1386
2884
2157
4997
2853
3848
3514
3078
3006
3228
4220
431
2462
2414
2652
3848
2853
431
2884
4594
43
2853
4737
872
4492
694
944
900
1958
3228
2639
2375
2884
2462
3078
2884
2313
168
4470
1466
3200
692
3078
2462
2853
3890
992
321
3258
661
3228
2375
3284
431
2681
3078
2462
3336
2894
256
2462
407
4918
431
124
539
2853
2799
431
454
1298
2853
699
2696
4626
2639
2973
2853
4963
2884
3228
2462
2884
2884
2639
431
2970
1201
2269
4585
3149
2040
397
2375
2425
431
4891
3228
3078
576
1128
576
7
3228
266
1209
3958
2192
415
443
214
2375
2639
431
3389
3228
1861
4735
3078
4735
3078
44
431
2582
576
4866
2853
4424
45
2890
1270
4277
431
2884
4048
2696
2639
992
2958
2375
4001
3549
992
502
2462
4977
904
2375
2375
4301
3228
3944
1584
3848
2008
3782
3848
2853
1018
431
2664
3579
2462
1411
2615
431
2375
2884
2523
3078
4577
2853
2639
2799
2462
2799
4020
2375
20
2375
477
2462
2438
4577
3078
2639
402
1131
2853
5109
511
2462
3228
1710
2884
3856
2799
3078
4460
2375
774
2884
5040
1568
2076
476
576
386
2853
2639
954
2597
3848
576
1111
3669
2853
783
2884
4470
3078
474
3442
992
4587
2997
431
2853
2375
992
3340
108
4239
2375
2462
3611
2537
431
4055
2884
992
4034
431
2375
2880
4011
693
431
3228
2727
251
1557
2853
4284
3741
612
812
431
2639
199
3228
2631
4346
3078
992
2375
2696
750
3239
240
2462
5111
1879
1737
4483
576
4202
3848
61
2853
2375
1393
2623
3078
4661
2853
1678
3078
1778
2853
2462
845
3881
2237
931
2696
2696
720
2853
1123
3209
3228
1654
2198
2281
3078
4546
1151
2951
1961
3078
2462
2884
4735
2884
1741
431
2853
3228
4234
4735
2543
2884
2639
1260
250
4735
1482
3848
2639
4989
431
2884
4079
2467
2696
431
2462
431
1016
136
5018
2884
3674
2462
241
2605
2442
3677
2853
576
2965
4659
4959
901
3078
263
1034
2884
1784
4138
3174
3938
431
3228
2696
1963
2639
3619
3245
3228
413
435
1413
4373
2696
2462
4577
2853
2415
14
2375
3078
4421
431
2846
4438
3078
564
3078
3228
490
4493
4192
2853
373
3531
2635
3030
3125
3078
1392
2553
4735
3228
992
1708
1640
2884
4211
1286
571
2639
1457
2639
135
3790
2799
302
3078
2462
1797
431
1183
2068
2375
3727
4348
1979
2884
1765
2227
3268
2375
4667
431
2639
3228
2639
431
4999
3833
3078
1317
2375
2853
2884
4732
2639
431
2610
664
4478
2884
4993
1341
4709
3058
2884
2462
1948
992
2462
576
431
3078
2375
785
2375
2462
3078
1528
676
3078
3787
1313
2375
3236
1057
5022
2375
2462
4473
2853
2070
1932
3228
431
431
3553
2462
2884
2447
2884
4919
4790
2893
2462
2462
2567
3903
3228
2639
848
3656
4323
1981
3114
3396
3078
576
2884
2375
9
4642
2639
2639
3577
2046
4995
2853
431
3078
267
228
1472
1475
2853
1448
2672
1338
2853
576
3073
576
2375
1439
2639
2115
2807
2639
576
2799
450
102
2884
2745
464
1452
185
576
2561
4336
3848
992
2375
2853
430
2639
2393
2462
2696
2884
2639
3478
3228
4503
2639
3078
431
4735
1104
2289
91
2853
4604
2884
712
3187
3530
2696
3078
184
2799
576
2462
4135
3848
2775
3848
4740
4230
1884
4735
2375
3228
493
2853
2375
3544
3848
2462
2639
2060
418
576
4298
2639
3078
3528
719
2853
2884
431
1818
2696
3228
2884
3142
431
3078
669
141
1310
1100
951
4014
5002
2314
431
4198
3228
1924
2853
2639
576
3681
2639
114
1350
935
431
2884
1038
4496
2799
3820
2460
431
3848
2462
3228
2639
19
3078
4735
2375
2477
1065
3228
4577
2696
2853
2799
2462
3078
3592
842
2462
4735
2375
3012
403
431
3613
2375
3228
2149
431
4327
2462
2639
4011
2696
2853
431
2639
3784
1267
1314
2853
4735
201
2462
1875
431
576
3902
334
4644
3145
2853
4577
3885
2884
2375
2462
992
2853
3124
567
3078
385
1094
1376
2630
3651
2021
3228
1114
150
3498
2375
3848
4883
2098
431
330
431
2465
1328
431
1301
431
4450
123
3817
3848
2853
2416
2884
2375
2408
826
3228
2799
431
877
992
2853
1999
3242
983
3078
989
576
2884
1643
431
2462
2462
3437
2853
2853
3078
2853
3079
2375
1226
4735
4224
3078
2462
2436
346
3228
3848
431
2462
2462
275
4838
4130
2853
4394
576
3228
1930
4736
4735
690
431
1835
868
2375
2884
634
2884
2936
2853
3228
4261
3848
4095
4209
2884
431
2853
2853
2884
2884
794
2853
3848
431
576
965
1858
3228
4470
3667
2639
3228
4961
3078
576
3005
2853
3228
5075
1133
3088
705
1812
2853
2696
576
561
893
3228
4936
3143
2853
431
2462
2799
3078
2639
3266
576
4504
1522
2164
2799
2462
3848
2569
3565
2853
1506
3078
2639
2051
3941
556
3057
4559
4011
2639
4735
576
4735
2884
3228
540
3228
2462
431
2375
4735
1945
3228
3800
431
576
431
2639
3078
2853
2853
2884
431
3078
3814
2462
3078
3755
431
2656
2402
576
431
2648
5089
431
2853
3228
3811
4007
576
2735
751
188
2016
2853
2884
2350
3204
3228
1058
357
1449
3228
1762
2375
4874
1883
1112
2375
2081
2995
4469
4568
4085
2335
2462
576
3078
2884
4113
3228
52
1582
3712
3077
2853
3848
3078
3251
1587
3078
4508
3792
90
2375
288
1824
2884
588
3572
2375
1163
431
1962
3228
431
431
10
992
666
610
4927
2696
4011
814
2462
2375
758
1238
2884
2639
2462
4096
3362
2517
4368
2799
2969
2884
2884
11
4735
2223
2696
2742
2375
3488
3634
431
2639
4889
1378
4741
1923
3078
1911
431
83
4603
2375
2462
5052
2920
2639
2817
2696
2831
2375
2884
4735
4137
3228
3848
431
2181
2639
992
2884
431
4378
3777
2853
311
2884
3633
215
2462
4409
2853
992
2858
2884
2884
4939
1427
4011
2303
2710
4912
4370
1844
1636
3713
576
2639
3078
2952
2462
587
2884
599
4583
2658
4017
4646
2724
3078
3228
2853
1715
3083
3078
2947
431
523
1188
576
3228
17
3228
1040
1793
1926
2462
431
4167
2375
4551
576
2639
2884
1662
2065
3228
1921
2375
1753
2375
3848
3848
3848
1193
1644
2375
1740
2418
2696
4069
2639
3848
1375
1820
2417
2290
4735
3660
3848
3742
3228
4735
1323
2884
2462
3848
1714
2375
2853
4287
2462
3695
1633
1460
1120
2519
3228
4115
4882
2884
3535
4735
5053
2639
431
2853
2884
2483
2853
1888
2462
3228
1773
1908
2454
3647
2853
2375
2639
576
4735
911
3865
1362
2007
504
2884
986
2321
3157
180
2853
3854
3582
2375
2696
1126
3078
2853
964
576
572
992
2462
4735
3078
2853
3987
4783
3802
1062
4451
2331
3509
1489
4858
3715
530
521
2884
4437
2343
2853
4196
470
2884
3762
972
2353
2375
431
2884
3078
2639
2838
3078
431
2639
1590
2375
3963
576
3303
3625
2512
846
1471
3569
2799
4865
2799
683
2934
1625
2639
2462
2696
2853
2462
3598
4000
2853
4420
4176
576
2853
3848
2375
1642
2120
4668
3078
3539
1248
3112
431
3107
3078
326
2462
3540
2696
3385
431
2884
3832
2462
3848
2982
2875
3080
2799
2799
3516
4354
2360
2117
2126
2884
2375
2639
2171
5058
5029
3934
2799
2884
2375
4435
318
715
2127
2265
1871
4633
4808
2462
581
3228
2056
3147
2639
4735
992
2462
1074
2395
3078
2884
2639
4182
3960
2375
422
3228
3067
3228
899
3078
431
2976
2462
2639
2715
2639
2639
3078
4187
352
2799
1407
3159
3957
2853
2375
2853
3964
3078
2884
2785
3228
1021
2375
431
2167
3068
4011
3078
2462
2853
576
3422
3848
4975
576
2375
3158
2853
431
3704
2168
1108
3807
2375
704
3228
3123
576
3879
2884
2853
4735
2884
2853
2639
4532
576
3228
668
4084
4366
4735
2853
2375
3848
1003
2375
3720
3756
5004
2853
144
2375
1011
2375
2341
3228
3228
2462
3228
615
3078
992
940
3628
2639
3078
3004
3109
3877
969
483
3694
1826
992
5062
642
3848
1395
1603
2677
2375
576
2799
3848
2161
3078
1194
3095
576
431
1996
2853
2780
3078
3228
2853
576
3624
431
4674
992
3228
3228
1530
3228
2528
992
1423
4399
736
286
4735
3974
958
316
2884
2737
2696
3078
3078
2639
1050
431
59
3046
431
4011
2375
4584
894
2639
4856
576
3078
2639
576
3778
2375
3078
431
4735
3420
2375
431
4402
582
3228
3793
2462
3078
4145
2375
3489
2232
3199
277
2788
1345
4160
3228
1312
2019
3410
2375
431
2062
2220
1024
2884
5098
3690
576
2462
2884
2462
3848
431
2884
4784
1476
431
3636
625
2462
2661
2798
2853
3361
4925
4398
4306
453
4390
2462
4994
2462
2639
3563
880
2884
1745
2462
3848
89
3355
2462
1344
2832
1039
431
2141
368
1666
3078
298
4735
1840
2884
2853
4735
95
2462
1242
1240
2639
2375
2375
3228
2884
3228
2884
2375
2639
64
576
2884
2749
2853
2884
2027
2536
3940
2091
235
2375
2462
3538
992
4769
2884
2375
4341
2462
772
1935
1781
3996
4118
2884
3078
3078
431
2918
887
1541
2375
3078
2884
2853
3228
2462
451
1964
257
2853
517
3848
3848
2884
1037
1263
3962
2922
1078
2752
2639
1276
3449
576
2639
3373
4189
3561
4634
342
2884
431
431
997
2659
3464
2516
2093
2462
2462
2853
4955
2782
3291
431
576
3482
5038
3848
1353
2799
871
1950
3217
2639
1089
2375
1706
2884
1254
3435
2853
576
4735
3848
1051
549
2462
2853
2799
2539
4279
2145
3330
3078
2853
4615
2810
3551
734
576
2853
3521
2884
656
2322
2696
576
431
2853
1834
2988
2884
945
2251
3848
2462
431
576
3228
1807
3228
3228
2696
1463
2829
4036
2665
2165
763
3954
992
2884
2902
2462
3848
431
3848
2494
2696
3356
3082
4265
2462
4577
2375
576
3924
3346
2799
576
3228
2375
40
3228
176
4677
4077
2462
4543
1322
2799
576
3228
907
2853
1200
2462
2263
2462
1685
576
4181
2696
3394
3228
1825
3249
4556
3047
3848
3078
3923
3228
3078
2790
4011
431
4735
1680
2853
3228
2884
431
3739
2799
2472
2750
3228
2818
2462
3228
3228
2639
1324
2696
1838
1196
3228
2639
576
3078
2884
2358
2639
431
992
1397
837
1438
2462
576
2320
2853
3932
1396
2249
3228
4369
4735
576
2462
1894
1191
465
4486
2853
2884
353
4159
3228
3228
431
3339
992
4735
3612
617
3074
3372
992
2462
2375
2375
2933
3644
2696
2642
3848
2884
4011
3329
2375
2374
671
3413
2870
2884
4810
2639
4314
2853
2884
63
2625
3228
4136
1937
3228
3078
431
498
2853
2462
2375
506
2799
3228
2099
104
4258
2799
3078
1144
576
681
2462
2884
3398
2129
3228
576
3228
3228
576
431
3573
2453
2853
860
4206
3874
1070
1993
655
5005
576
2014
431
361
3078
2440
2462
1783
2172
1548
1756
3968
3228
3228
4917
2375
2725
576
4735
992
2853
3463
881
5041
3228
4656
3434
2853
2853
5113
3397
707
2647
3225
4470
4051
1008
576
2884
2696
3426
2689
399
1534
2884
576
1689
2696
2884
679
3547
1406
1638
2375
2462
967
1269
2853
2639
2950
4753
2853
4560
3152
2853
4132
545
3848
2473
4735
2375
2853
431
4735
3228
2462
2493
1649
992
2639
2639
1243
1148
3078
1467
2766
2462
3228
3078
2229
3953
1786
1146
600
537
960
2579
3228
431
1919
2853
2639
3848
4117
4185
1231
431
2375
3045
2853
4480
2462
2853
3472
2639
948
1801
3751
3228
3432
3848
2057
576
1280
2639
3227
431
663
3431
2462
576
531
3421
2853
1579
576
553
1615
3228
5076
2895
2375
2853
2639
2853
3484
4391
2462
3135
2884
3183
2853
576
1203
3043
2024
3228
992
3533
248
3992
2884
2853
1076
2462
431
1283
2462
145
576
1668
934
4821
4213
955
431
297
2884
2690
2186
2639
3848
3871
2853
2884
4009
576
431
2375
3078
2375
4
2853
3821
3228
3270
2462
2696
3078
2462
4976
2884
3848
3555
3276
2462
576
2375
4011
711
1648
2639
4651
3228
2639
3292
1135
2375
5019
2639
3228
2462
2696
2884
576
2375
60
2462
1729
414
2983
5032
2696
2884
2033
3640
213
2884
2884
2375
4011
2853
992
431
1671
2639
2332
2462
2884
3848
2639
2616
128
4716
2853
3976
3228
651
3078
4011
3023
576
4735
4735
2853
5056
3078
3758
3228
410
3481
2375
4627
2375
431
2853
2853
3417
3607
2884
2639
2522
2277
333
2174
2799
4201
3007
992
2375
4430
3120
376
58
576
1256
3848
4406
378
576
222
639
3078
576
3732
4470
3942
3492
4011
209
2696
3914
3228
2639
2639
3926
165
3228
1259
4158
3721
3891
2884
1661
252
2132
2480
853
3078
3525
431
2462
2576
973
431
2375
992
3228
3078
2462
1843
3078
2366
2175
4126
2853
4735
2853
3440
3344
2639
431
2853
4735
2199
576
2639
3646
2452
2462
2853
1910
2884
2375
4770
2884
1319
2462
4967
576
2413
4577
3848
2884
3363
2213
2884
4431
103
3078
3078
1494
2462
171
2639
3476
992
3237
71
1693
2462
1682
2375
4547
3078
2795
5080
447
3280
3078
4262
1032
2853
2375
1811
3281
4175
788
4177
2884
431
1994
3
3897
272
2462
3052
2155
3078
2375
1959
3248
4764
776
4025
3325
2639
4325
3840
4330
576
2942
212
134
3228
791
4545
3253
2337
992
3848
3723
1499
4590
1154
2853
3457
992
2853
2423
2853
3228
2884
5077
2375
2884
3510
431
497
461
2853
2853
2375
4387
2462
3228
908
770
3851
941
3791
3078
3861
4735
4414
3816
2955
4087
1893
1978
3078
862
36
3160
2462
992
2853
4075
1855
2853
2884
468
2639
1030
431
3685
3511
2639
2884
3550
143
161
4735
431
431
487
202
2884
4088
2639
576
885
2035
431
2375
2799
2074
2639
431
431
2375
431
2639
4026
431
3078
576
992
4776
431
831
2884
992
2760
1417
1909
3078
2884
1995
25
3848
2620
971
2853
431
576
207
2756
2462
2884
1551
3848
2375
2375
4507
2639
2639
3848
1540
1497
2375
3716
3078
4019
884
816
2426
2462
2853
3078
2639
3078
2435
2853
4676
3822
4735
2822
1136
2375
636
4814
2639
3693
2375
2639
3450
2853
3228
1181
3228
2462
635
2945
431
2462
4673
2884
4947
4183
4357
2336
2639
4792
3078
431
349
4363
613
137
431
3228
3485
4011
3810
576
1777
4011
2793
2959
1504
916
380
4011
2709
2639
3205
3228
2696
2462
992
576
431
1877
576
3078
3574
2462
4960
2639
2799
1595
3228
4011
3003
4617
5105
2375
431
2853
2925
2462
4011
431
2639
576
576
2549
2591
3622
431
3901
5097
1639
1537
2542
2375
15
2853
2375
3078
3779
3208
1928
992
2375
3391
2375
576
1351
1234
431
3228
4645
3534
576
1437
223
1677
2159
3916
544
431
1852
3078
4037
4139
1087
431
1171
431
3337
4073
3288
576
4735
2048
3228
2853
2884
431
4318
2375
3416
2639
3161
431
4823
2855
4589
2639
229
107
1556
3228
431
1046
3876
4861
1977
576
2853
3844
4530
1143
2476
2884
2884
431
3070
802
1420
3264
579
3848
431
2639
2639
431
1558
1158
2853
431
2639
431
576
1432
3702
3228
3078
4643
3583
2375
2375
813
2884
4216
3848
356
4735
576
4869
2096
4011
479
2884
2744
2215
1742
1768
2884
2400
3078
4218
2375
2639
3552
1705
3228
431
576
431
1425
3078
4907
2853
2853
4282
583
2799
4004
1098
4710
1507
2375
175
576
4971
5067
2252
2857
2462
2375
2462
2884
2639
2853
576
3122
2696
431
3848
2853
2853
2639
2250
992
2799
3575
438
2369
4522
3717
4942
2853
3332
245
431
1402
576
2884
2589
992
3228
2954
1169
4744
3443
2375
4417
2853
2462
4905
2799
2837
4011
2884
1953
3827
1001
2639
1096
1167
3403
1247
2696
3848
851
3078
3705
805
4631
1895
576
2639
3680
4636
431
1512
3078
3615
4735
2160
1702
3228
2696
576
2639
793
2639
3078
2028
558
2853
2462
3400
4447
2079
2462
233
2884
2510
2789
1804
992
3078
2853
74
4150
1422
4825
3078
4796
992
2375
2921
576
576
2085
1211
3774
2639
578
5108
4735
2489
4830
3657
2375
431
3661
3078
3473
784
3064
992
2639
431
5046
2884
576
2853
747
631
1805
3848
1658
3638
2375
3226
3033
242
3848
3765
431
2977
2639
2462
2204
2462
4683
2633
3804
939
1501
2222
2884
3566
2375
4011
4837
1798
416
2853
431
2853
3078
1459
2392
463
4307
3078
431
4706
2847
2853
2853
527
2964
4735
937
4012
2853
576
4921
2375
2884
2639
1523
956
2207
2884
2884
3146
3629
2375
2736
674
4531
2100
4780
524
431
3848
431
2375
1794
5044
4666
1284
3078
4289
2462
2696
1694
2462
2487
2639
576
1699
431
2884
431
4565
3508
2884
1426
3894
2462
3078
2884
4622
2116
1965
3228
992
3228
3015
2883
1005
2799
2884
1728
3228
377
3536
1673
1095
3848
1676
2853
3244
830
2884
3965
4986
4523
86
3848
2462
1385
850
2462
4735
3848
1002
2779
2375
757
1652
2799
2853
3796
5006
4214
3192
2639
1830
4941
2639
2639
1414
2853