7777
2905
2971
5608
6087
5621
362
946
3535
4765
6289
4184
3657
6475
7732
2708
5588
6429
4654
6338
2082
788
889
94
3442
1351
1583
4664
4865
3645
3756
972
4869
6627
874
2018
1222
6135
859
4
189
4505
969
822
2791
6617
7566
5905
3389
2641
3089
7659
5458
505
3357
6130
4985
3692
4965
6013
1071
3014
5383
3982
7732
468
4090
2093
1053
5201
2009
2879
1012
6301
1978
6540
4051
3662
903
1517
1838
1628
1334
333
1627
85
3492
6843
2522
6978
7424
2023
6283
3685
1246
4310
4177
2389
3203
332
1409
3678
6859
2325
3999
5890
1682
4428
3360
6456
7157
1646
3074
4406
3992
4101
1236
3441
3108
2226
6713
930
1219
4739
2943
7747
2416
4696
6125
1645
5296
7096
4601
2968
756
2558
7327
2323
2893
6422
1807
4603
5980
3171
3749
1716
2368
6491
7373
195
2924
7028
5972
124
2241
1495
5641
3955
4736
2951
6704
384
418
626
4273
4594
759
2870
3019
2489
4626
4967
7672
6739
3224
1195
3884
3751
7329
6539
184
4026
6106
6270
3190
2282
5418
4291
4938
2840
3136
6986
2846
3072
2926
6374
6334
6233
2851
6997
3030
775
6946
445
5125
4519
5285
2650
4951
5105
1525
1185
2525
1276
4380
2773
5755
5965
1445
1683
829
5094
1034
5286
7598
1091
5901
1609
2992
2578
4956
5241
1209
359
7558
1052
1836
1461
1266
561
5572
3826
1117
5781
3345
4538
4401
6198
3033
2552
178
3199
1293
3
6428
4089
813
4443
5757
4173
4916
5582
292
5427
1060
1291
2004
5034
3866
4193
4133
5837
7404
5535
2836
6876
5387
1601
2329
5569
647
7358
3165
760
6390
2905
6981
6067
1606
2053
2544
190
2630
3099
891
2236
5200
5996
7758
7180
1600
1592
6848
5508
1933
5701
6266
2721
5979
2531
6615
628
7497
3757
3070
6175
3723
5834
4071
6991
6789
5339
4988
5634
5981
2205
3091
410
4364
7028
6690
7259
1376
6284
2671
4073
3945
2330
7498
6303
4348
222
22
5099
1652
3104
2960
7315
511
829
1036
6350
6361
3684
615
4255
6881
3691
269
6542
5830
3684
2155
6548
990
5624
6513
4549
4109
4084
3485
4606
6912
6113
2355
5509
3858
7006
7184
4939
4254
6812
6799
6906
6354
5357
1972
1670
2189
4659
4003
3416
569
6731
4842
3833
3796
6591
380
6823
3005
174
1214
4933
1211
6237
7573
1937
676
7609
5913
3432
2783
2143
5022
6421
4739
5815
3916
5584
6351
1551
158
443
1847
2502
6367
4467
7302
5
3211
6150
3850
1313
1916
1775
4811
2451
7742
1858
1121
1857
4626
6740
6077
6847
5546
4451
1250
2758
5598
3262
3310
5213
6229
5036
4335
3259
137
2621
1368
1976
3548
6745
3296
1910
2885
7356
3719
2912
6060
7007
2697
70
5997
2854
1830
1755
1209
6231
627
3136
7187
5672
1484
24
4680
6876
1906
4635
3044
6278
3679
891
2569
2866
919
7303
2407
5541
2995
7574
4344
6626
194
179
6448
4371
1939
1734
4144
3845
175
2078
3021
992
3321
2760
1840
5088
4486
3883
7111
1483
7041
2457
1113
3127
5537
3732
6512
3459
1049
1905
5894
1124
1958
1080
4604
2750
3259
5095
3909
6932
66
717
3461
7599
3936
2214
6487
4729
7739
3601
2976
6946
5932
1544
6290
6592
1994
7076
6425
494
1650
926
4321
5000
3157
3599
171
3545
4230
7619
2618
5841
2357
7155
6805
6260
1755
6529
3677
1630
2630
2033
4456
6321
3150
1154
48
1387
6834
559
4602
3333
6792
4288
193
7316
4731
4143
5517
1750
2045
3919
5116
2851
2676
406
6132
6163
4310
2055
933
7044
1564
2116
5143
6214
4870
113
7368
2576
4641
5075
2770
7328
6626
7682
1346
4126
631
1118
1996
271
1589
3077
2417
7632
1240
5424
4881
2364
4469
5439
1253
5617
3704
3040
2992
392
6297
2575
6923
3434
6531
7522
4459
3368
5858
2880
4570
749
998
6883
2247
3899
7508
5880
7250
4437
3351
5329
6018
6049
1831
5466
3686
2736
2436
433
1193
792
3980
35
2562
248
2901
874
7510
5902
5666
628
5544
3059
816
1101
4596
6883
5422
1753
2989
4126
4705
4487
6506
7554
5863
3233
1959
6921
5210
6913
7248
5084
7085
6240
757
5698
5067
650
3031
6846
6594
1406
7010
3893
7214
1417
1090
1023
506
6844
4484
4532
1917
1038
3127
5969
4348
7270
4257
2733
3510
2200
4056
2081
7334
714
1386
7755
3699
227
1659
5503
6346
3971
763
4809
648
1349
1764
7002
5206
1180
830
1612
2603
5330
1330
3710
5437
6599
1101
5871
5235
509
7025
1923
424
2827
196
4727
2452
6553
6248
4407
4991
997
5391
198
1367
4642
2570
4030
1096
4000
1203
1577
199
1476
4613
1663
3363
3041
1545
2259
5475
3664
6037
4876
3405
636
5269
2074
4183
2565
2371
1404
1125
4363
3179
7421
2534
5753
6389
4775
2350
5082
6235
5847
5407
4559
4248
7571
5707
5977
1867
303
6696
216
6455
1068
195
5148
4759
6098
6537
6101
3776
1862
696
4517
7693
5688
4242
877
4352
3880
3611
31
1265
6847
1970
1078
4822
7432
1961
5988
751
5071
6110
7658
6506
5235
6103
3016
803
4412
5442
2047
7160
4935
124
1680
2017
5037
5786
6291
6160
3679
6715
3555
2607
7437
2465
7647
1044
1453
448
5164
1927
7170
5421
5711
6618
5217
2293
4667
6909
3939
1782
7531
2610
1203
5998
6965
6819
5507
7471
2871
692
5875
2157
1464
1761
3672
6340
3226
2161
6905
5292
6963
1021
1689
459
1015
5021
5200
2625
6358
1878
7048
1848
2560
5281
851
3215
3616
1582
5328
3346
3192
5127
3649
7100
2276
6407
7011
4331
961
7360
358
3078
4396
2430
1395
2839
4862
5444
6161
1005
1160
67
4649
6226
7280
1114
6750
1772
6321
6825
7597
1458
3396
7683
4642
2576
4611
1658
805
2719
3551
3103
191
3753
1030
2956
7473
3500
6072
1490
1940
611
251
4450
5175
3196
2934
3465
6442
7752
7462
2467
3089
7520
5305
4416
3022
7667
3705
3060
5639
3792
1371
140
2450
6495
5158
4565
6874
417
2379
5395
1827
993
3740
1093
6972
1895
4489
1305
4793
4525
2066
506
1681
843
3346
7519
6426
3312
3265
5330
7540
225
7177
1297
4949
7134
4384
4377
4735
6281
3205
3254
7458
680
3282
5280
4209
3894
851
6153
2375
6144
3086
6607
4478
5414
5529
4173
257
1025
3081
5074
2508
1295
4160
6419
7106
1423
590
1965
1655
3997
6701
888
2968
2887
4567
4448
2101
2451
580
6903
7021
2393
1294
755
7604
1690
880
2359
6402
2900
2845
6801
6074
5004
6771
3294
4084
2085
3058
806
4887
2229
3224
54
5237
784
779
4256
7363
2390
4630
7133
4807
2850
6936
1112
6146
5251
3123
2965
3450
5266
2335
2073
3287
3932
1322
7081
3306
7700
6535
7482
7056
2657
4192
482
5775
953
2601
1806
5560
4047
6449
52
4146
2194
281
603
2238
4779
7021
5343
566
129
2153
4563
6617
1336
3167
906
7316
1314
4452
1890
3566
1307
4247
442
5259
401
7488
2139
5731
5117
2021
133
7256
1303
6818
1991
414
6642
680
7317
3078
5051
1900
6035
3417
6610
2336
7721
6721
1354
1370
5596
5836
5603
7620
5938
5696
5553
2206
6640
3882
684
4995
7322
1117
7185
3644
2101
792
2356
913
5143
1798
856
5309
2687
4556
1384
3838
7521
1412
4627
1749
6128
7547
407
540
3780
4580
3018
6687
2160
6932
4037
4408
3897
5496
5863
721
790
2153
6624
4633
6438
6881
5273
7152
3639
2362
2444
2035
2852
2587
7601
1558
6611
6672
7419
5044
7114
586
543
247
1106
2755
122
5722
4766
1860
4629
200
3779
2003
504
3080
3398
1402
1748
6964
7655
1070
3150
2033
5063
5392
740
4836
304
507
4162
2340
5367
3302
581
1651
59
5151
7520
6685
3449
1192
589
4053
5100
4939
6100
1568
3443
7464
6085
6066
4303
2619
3485
6589
6264
7129
3526
5448
6342
1255
1955
5059
5306
1014
4845
4265
3490
3580
5152
6973
7095
3154
3011
6559
7753
122
4908
5743
4546
7241
3400
4754
4980
2246
788
1110
6226
526
403
1611
6464
1053
2506
1820
5884
4068
349
2521
3342
5279
6347
4198
1779
3044
1981
1241
4337
3775
2973
2867
3253
655
1418
7410
7132
5114
1886
2119
5742
587
2130
4162
3225
5842
6121
6729
7724
63
431
638
5465
6841
6818
848
4689
280
3170
2061
7278
302
625
342
5665
1051
6421
5417
4151
1945
266
6115
4952
2294
480
5880
5716
2396
738
4468
3794
4519
7297
3607
6981
1345
2402
4535
6033
444
613
7386
5578
3480
819
5287
3373
313
1572
4980
3537
5951
5685
1255
2166
6468
4753
1434
4198
559
1169
2059
276
1602
1594
1995
5949
6493
5229
2696
1328
194
4896
2536
2712
1259
6554
7634
7371
7000
6602
7047
3941
98
2239
6447
5163
5570
5203
421
192
802
6832
1275
978
4248
7081
6195
6251
1486
3575
2933
2526
246
807
7214
3845
2976
16
5817
1182
5224
6388
9
4573
4874
950
6332
5676
7535
6165
7682
4438
623
5750
7729
1711
3709
5642
3351
981
5044
5730
5209
1197
1488
95
7720
7656
4386
1235
447
1176
4524
4413
4068
5311
6647
1504
5867
3722
2281
5176
3401
6945
3659
5202
5908
2461
1085
3634
6102
6692
1320
883
6255
5220
5465
3871
6759
1004
7706
3169
4814
5593
5156
2635
7388
3121
7423
4849
2882
1836
6377
4142
6724
186
7181
5922
5572
3525
6608
6246
4317
6058
5136
3387
2793
7572
733
6919
58
5533
2996
3850
4397
3081
7498
679
2249
2257
4202
7483
4477
1900
2068
4219
7399
4228
229
935
2668
335
6318
2466
1427
651
2476
4200
7390
7681
3507
3682
6569
503
2771
4935
2575
6156
7139
6461
1525
6891
5342
4819
5127
4303
1496
1122
2839
143
5679
2147
2504
4924
670
3406
7189
3546
7024
7669
6460
3874
438
3882
7546
4169
1358
3985
7680
6015
255
6285
6974
5589
5433
4825
6584
5931
5021
549
6879
3146
334
5631
6835
7475
7704
5440
3277
4253
2202
3366
293
956
7301
1661
6083
1138
102
5905
630
1992
6203
2704
5077
6676
7666
2675
4362
1408
4553
870
1998
2660
2748
5697
5503
4487
983
4304
4065
1244
7071
5515
3714
1186
6551
3956
4333
2187
2602
5930
1026
3696
3770
5049
2506
4698
6069
7697
7545
7721
2972
3650
1190
617
3193
345
3581
6017
1035
1417
4179
6644
7702
5417
3207
3504
6985
823
6488
1127
3392
3998
6080
949
2978
2492
6499
6836
6503
2038
3789
6369
187
2174
5043
1692
7635
6009
1188
674
6699
5780
3438
3084
1555
250
7008
698
7451
6505
2349
7584
6318
308
4581
330
2975
3923
2620
6734
2384
1826
1617
3658
3731
5759
4530
4141
111
1447
2868
5497
7218
6541
2557
5536
127
1830
6782
6657
81
4482
7450
2745
7309
3549
3807
1094
2117
1299
7495
7610
3206
6865
7168
4103
2037
4797
390
5012
844
3626
7012
866
6016
5325
4367
5944
3776
6890
980
7307
4113
5892
2232
5715
6093
4129
7060
1374
3771
5486
3713
4753
3750
4217
5534
5612
2849
5635
4267
2923
2740
6930
4305
832
2128
6451
7543
1166
3760
4591
6580
4840
3390
6807
7600
4358
7431
4738
7649
2333
1888
912
1308
5415
5353
5729
5037
517
5802
4772
4950
1155
6588
4136
2806
365
3629
109
4212
5059
1621
6356
3589
4761
7766
595
6069
1075
3995
743
5016
5558
6944
4954
5257
2689
7257
5365
96
4130
6498
4156
7582
3129
1844
6363
4560
4347
1290
7064
3521
255
821
1315
2316
6885
2324
5751
6868
2759
1102
184
1509
5778
6764
3872
79
6655
7604
4673
6099
4521
5596
1989
5824
4777
3722
4733
6456
2625
5989
3125
1632
1603
2107
1918
3317
141
7580
3142
1489
4637
1242
870
2986
2344
6366
464
5504
2797
1828
5333
1226
5010
4917
4206
6796
160
3600
6413
3660
7166
1826
1468
5110
4650
3945
6063
2694
5855
6755
91
5102
4409
2410
6378
968
1164
2554
7132
23
6394
2497
5760
999
5304
6157
6463
2584
4700
7730
5092
5898
4282
6860
1679
6863
3933
994
4885
1287
4712
3571
2062
243
2154
520
3713
2819
4501
2948
1535
278
1822
248
5752
3329
476
1172
185
4607
7448
4176
5929
7537
5999
7651
213
69
3784
1242
6192
3575
1214
28
1930
162
446
6282
3937
2888
180
4016
133
564
763
1055
2930
2846
5434
1503
5106
6388
3172
6535
7134
5651
1698
3437
5776
2035
6760
3347
5254
7555
3323
1519
3706
3464
2780
5829
7193
2739
3950
5733
4716
6951
1507
4491
5784
6741
5103
5736
3839
5872
7024
4293
4769
1835
2546
5470
1694
1737
6202
2648
94
7280
235
2686
6513
3275
4003
6697
1549
6302
988
5727
4972
4816
7229
3068
5782
5968
3185
293
1183
1503
1080
1493
3803
6746
2386
2808
6415
2538
3433
2182
2497
2855
6353
6273
3210
2858
5364
2076
2160
4704
2049
6609
2145
755
7635
1592
7385
7045
1074
5982
424
7026
1104
2158
99
5640
4485
4500
4624
1355
225
5132
1428
3208
6891
6216
841
3784
3595
7757
6673
4331
5157
7183
27
2795
4978
5680
7540
6041
4174
2491
3348
555
4188
828
1816
544
2721
5242
4096
177
6359
7118
2218
3972
6054
4816
776
996
3556
2627
3254
4721
2987
1554
6021
898
2882
801
1839
1020
3656
2967
5320
6618
7351
4615
4673
1947
3423
4078
2718
4082
5117
2234
7328
6341
6746
4493
343
7690
4534
4268
6473
411
5585
372
7142
4450
412
2124
7626
204
675
4032
7450
2588
1712
4898
1347
3332
3655
673
795
5525
5688
2108
43
2631
5121
4234
4837
1792
3129
6440
649
5740
4551
211
2137
6160
5645
3681
3217
6505
3279
2343
4183
26
5212
2705
4449
3158
6009
1109
7045
2346
6869
5622
6112
1576
5602
7723
4297
4873
1854
6838
4163
4043
6173
2913
6688
176
5299
2980
5078
2295
3073
7377
3321
5843
4215
5891
1765
5614
3013
5765
4894
6433
6825
7749
3053
4350
1621
6852
5334
1738
3695
3209
667
635
5369
1970
2735
3034
7406
5351
64
7389
6005
898
6391
2027
992
2016
3729
3669
3051
2531
2384
2519
2922
2337
2057
3974
4405
571
6216
3839
6707
2172
5275
2908
1926
3087
852
6927
1050
6089
2381
6233
5469
7351
1995
6019
1347
3204
2683
6645
4353
2296
6750
736
7399
5721
7229
4810
2165
108
6446
5002
570
7037
1457
6696
4919
1894
762
4802
106
4229
1584
6533
3404
571
5064
4841
1914
902
5365
962
1135
529
7701
1207
5130
5265
5442
3628
5879
1475
4461
3885
2486
4069
1709
5083
3550
3831
1752
7549
308
7077
1411
6770
6352
4076
438
4910
5123
3061
182
904
7616
5852
3563
5370
4953
4643
2550
1360
7518
787
7629
4043
2507
5855
4688
3494
6920
4435
4168
2869
1266
1817
7275
923
3425
5051
1056
3929
340
700
7609
772
2198
1505
5058
6892
6284
3028
7593
5873
3699
7545
2267
614
3287
665
3082
3620
6296
4034
1170
1292
2566
6639
2327
494
4212
7255
641
5563
2941
5366
1593
5020
3138
1643
1286
1062
3460
515
6638
5638
2000
6124
7360
5550
2067
1390
6467
2070
690
5268
205
6850
2642
7313
6299
7667
6673
5520
5539
2994
6003
4319
7254
4791
5408
684
1807
3703
3098
6121
6375
2350
5293
6126
1534
4254
4228
3178
4708
2005
2351
1589
3301
4970
5786
7004
7192
2466
2328
6371
826
1061
2833
2799
2529
3381
5722
3308
4453
5884
4077
4038
4045
1938
6784
833
7073
5568
1129
4391
3680
2524
3213
6669
5542
4420
166
4491
356
4180
5379
5569
395
439
2080
3828
3328
473
2142
4623
237
2142
189
5048
3001
6253
4324
5438
2820
4795
4710
5388
6694
7267
6857
4426
4258
6830
2417
3035
3766
374
3267
2270
5604
2622
7705
766
4860
1394
7388
4878
1466
7070
3755
959
3376
389
4051
6109
4197
2203
6752
1720
4388
2442
1329
1878
5073
7022
7199
5643
4090
4948
7201
7467
6693
2678
4958
2937
6538
3139
5438
6641
4530
2933
5238
5828
654
2755
6481
2939
6885
6368
30
3006
6631
6656
4808
3532
4969
1639
4127
2552
5961
1077
2814
2004
146
2152
258
4155
5934
5106
53
2472
7242
3371
2747
2141
4928
5557
7337
6075
7551
2225
7052
2063
6922
1087
5479
6630
1532
1949
1257
2738
3134
5489
6960
1088
4850
6074
4609
3140
1322
3502
2369
153
3940
6644
82
1963
6267
7359
4725
938
3334
780
1906
1312
72
635
6412
4386
6525
262
6443
2134
3956
337
4718
2179
4982
6779
7776
4499
7422
136
4342
1856
3134
4246
4442
5973
4165
6694
5295
3126
7357
2264
7722
7770
1200
6835
2096
7744
5205
4645
3975
2840
6339
6649
2084
5252
2415
6628
2305
5029
107
6638
4191
4080
4655
346
3886
2304
5483
6895
2375
3505
523
7009
3639
3710
3755
4693
2169
131
7416
6555
354
1526
2670
2972
5368
6076
2772
1999
1573
7624
4138
4633
2352
5297
4115
7444
5389
812
4510
3889
7622
6283
25
3275
4587
3822
3949
5158
7435
435
316
3386
4593
6210
2774
444
1498
7124
3973
4403
2106
5463
741
6898
4105
4911
4912
5939
6141
1880
7088
575
1167
1479
2314
3473
3773
2178
5739
142
4792
1691
6097
4139
2706
1377
4971
5964
6256
4878
3623
1392
6441
6109
730
1051
6599
4203
2714
7539
4019
3694
7425
1726
4398
1251
172
1462
5655
1140
2483
6552
7675
7743
6409
6959
1308
3382
1452
7596
6013
290
6265
6040
6615
6830
4413
7531
6056
5549
5261
2796
3003
1760
1797
4262
7512
900
7698
3169
7025
7289
5063
56
789
6650
5018
6268
2958
1803
640
803
1148
4984
386
502
7158
267
1090
1227
2300
6258
3820
4456
6123
3472
3651
2919
5914
5374
5149
4332
4188
4671
2537
5613
1848
6924
563
4557
1434
2150
4597
3108
1712
2873
4526
144
3591
4399
5146
695
2410
2020
1010
4326
2034
1968
1643
2412
5123
3870
2038
373
4724
2015
6857
7303
7365
2662
6294
1449
282
964
162
1850
3190
3864
4657
3131
4838
6973
130
6337
688
2660
6385
6678
3708
1155
7735
3017
4156
1907
7588
3315
6015
238
7264
6385
536
1721
4388
3975
5457
1108
2044
1832
1133
1048
2779
4638
6457
4447
2045
4607
3088
5506
2991
5026
799
1540
668
1173
3085
4265
5064
5929
3461
6170
2565
5916
6485
7283
3390
7299
6777
1766
691
5815
978
4158
5942
1571
1745
1310
136
6031
7651
2086
5991
4646
2215
1958
1491
739
6499
6076
5005
187
7621
5468
4157
3250
6543
3105
3537
3382
5474
6530
6808
4620
4899
3144
3399
2250
6057
2118
5343
1466
99
4425
4953
5576
6625
200
6683
1666
889
493
5390
5405
7344
2932
3899
6871
1258
3330
4747
109
5949
6469
1243
5662
2438
2743
1027
3262
1260
6511
1593
2963
1257
2697
2833
3079
6390
3610
2548
5937
7075
7761
4305
7533
4701
3269
924
5899
3047
3038
4083
5227
1340
7003
4859
4206
5000
4506
5771
1516
1546
3515
3246
31
5963
2071
4412
213
7702
2468
3958
3824
1303
169
3158
2782
3560
835
1009
4891
5274
4956
4732
4283
6888
6049
4867
10
7318
366
6379
2898
1243
5641
4798
1809
2437
4811
7130
2664
6603
5421
3843
1171
7407
4875
1415
306
4722
6659
5038
2699
7216
3156
5766
3198
1520
7066
1494
7312
4389
697
5488
5808
6036
6467
3605
2362
6510
1671
7687
2105
2699
5609
2411
6502
3023
7314
4199
1667
2844
5656
3416
279
2196
2723
269
4736
3700
2011
1797
6008
6962
152
2707
605
3891
2063
3773
60
2290
5510
6004
2433
6862
7606
2148
3568
2453
4675
3868
3706
4947
2027
484
291
239
737
1175
3429
2500
1587
5104
653
3322
6561
4784
6453
6111
4323
1582
6602
3960
3895
3347
3563
6166
2877
4573
1163
2426
4507
1815
6793
5772
5393
7550
6961
2611
3664
1148
6239
5039
5490
4328
7746
4578
4104
4165
5056
2567
4681
4957
5763
4473
457
4015
3244
5466
4830
7082
6361
21
7030
907
5534
5268
1251
3769
3520
360
3295
6055
3165
4508
1232
7538
1290
7453
7603
6494
4439
6744
3673
4241
552
5897
5269
3849
268
1974
6755
6501
1162
2857
3789
2048
3778
4214
1809
3966
236
214
6715
1739
3881
4170
138
5501
5583
4702
3733
3671
452
2454
2253
5652
3559
962
2512
4904
6523
3360
2841
1228
6748
2926
5792
1319
3075
2695
6664
3260
3306
3493
3219
5577
1685
3930
2559
7605
682
5830
6886
5587
3875
6666
32
2579
3772
6155
970
347
4884
3356
5935
1635
3209
2474
2180
4446
6199
37
5317
6809
2184
209
6265
7159
6086
7247
4812
6462
3194
4219
1544
3450
3694
2515
1942
6386
3754
115
4454
6706
6141
5042
2789
4336
1367
6634
7389
6510
6380
7151
6059
5999
4801
4854
6908
3667
2617
6927
6030
977
4424
6000
7079
4322
6414
6242
3200
4374
6308
6544
249
2805
2546
3950
7582
3430
6185
2481
350
4552
6199
7043
5978
7043
1161
4404
2304
6572
3545
6789
6553
5952
3769
5985
6302
1578
3902
2770
1915
42
633
3896
5559
186
6926
2008
6149
1360
4436
4421
4390
4231
5762
4867
4123
4201
6418
7108
3264
2136
1784
6726
3835
6288
4639
4474
4774
1075
3701
7445
3735
4070
3651
2736
7246
3415
2521
6873
699
4108
2960
2326
4149
4389
4041
2655
4329
3819
4330
6942
1353
3202
1855
2132
6430
4708
1134
2709
480
2428
1072
2111
5222
4694
5124
2044
3029
5420
2618
3541
3216
7202
4157
4554
3298
4619
5296
3991
5840
2268
6536
319
6020
212
7412
92
6257
2297
5452
5995
139
7233
4840
2478
6330
7367
2096
7363
1675
4280
6896
3110
1006
1431
3584
4695
7220
568
1657
5318
5054
3374
4116
5098
1039
2954
1265
573
4475
5941
4125
4236
5844
6665
6017
4220
3798
4818
6176
709
4134
7165
7217
7274
7470
7092
6958
5398
3606
4230
6247
2331
895
5948
6598
3388
3293
3249
1624
4091
3617
2629
49
5038
5090
3603
6765
5308
6614
6831
4964
5942
3515
4949
5970
1156
351
2445
4227
6349
6844
4179
2763
6548
4243
6370
4008
4714
2099
7408
971
634
6234
1307
7573
522
704
1350
991
5394
4787
3395
1061
7240
707
2090
4527
6586
1325
2573
4877
4484
2182
4942
1306
3117
370
716
1340
111
4327
7726
958
2318
7535
97
6576
1808
2426
2248
3384
5658
1077
4843
3463
7335
7326
7058
4046
7493
2752
1281
1553
5752
4522
5362
6709
3203
461
482
3072
1219
3647
1962
6184
2837
4539
502
2897
93
4011
6355
390
1786
3820
6622
1281
817
6731
7395
6147
6965
3527
1018
234
6228
7722
2564
4994
1007
1868
2763
2283
748
7084
1067
1187
1647
1176
2511
5359
5262
3836
6867
4052
7089
5791
2932
7708
270
6893
656
3676
2275
4181
3543
954
5433
1795
2238
1562
6517
6611
86
5931
4901
3291
3987
375
1140
57
3385
6132
7291
1020
4782
6790
6529
2431
4471
6500
1107
7537
2367
1557
2632
4411
4281
1481
1747
6683
5821
11
2445
1217
1448
7288
1451
5850
6273
4769
2986
183
5199
719
2299
3761
3597
7068
1094
6465
5914
3381
2287
6323
5486
3799
4678
5704
3797
510
3204
346
1702
1528
815
1890
3888
5919
6798
3466
2868
2680
6680
853
1759
4333
3523
7515
2985
6298
1210
7728
6712
7750
2370
7579
2874
5637
3544
7765
3441
5663
3339
6097
5691
409
3833
3340
3009
3263
3837
6632
2378
4615
4085
4378
5031
3305
4338
5648
2080
4455
601
4703
732
3212
7037
6653
3369
5638
7585
135
3978
6521
850
2001
3341
4777
3565
2147
4553
1282
2825
5873
754
6008
5548
6264
3686
7509
6643
4270
1908
2301
6928
1917
6875
1530
304
6010
2284
3499
5323
1803
5661
5593
4621
26
2978
7691
5556
3482
1768
2876
3276
686
3120
4835
6782
2856
3724
7016
129
5511
6138
4809
2903
2803
6369
7528
6209
858
6360
7434
5220
2703
997
495
3996
6710
7144
2727
179
7624
4101
4414
4730
496
3914
5096
7605
3738
6451
533
6479
1920
6794
6276
5091
4459
2668
1482
5491
1046
1796
414
7503
2677
1790
2536
4873
5047
4911
6437
738
1419
6899
5376
5196
2213
1444
1464
3800
3746
5494
4423
4495
126
4244
4229
4600
1863
3331
1865
3562
811
1861
4964
1540
6219
6177
4751
5384
7770
4778
2191
5314
7645
2639
4116
6313
381
6621
6910
3159
5678
3182
1941
1642
5055
3096
4462
2385
5360
1086
1511
804
5247
6207
6294
6679
461
5586
270
2964
6698
7491
4054
611
7506
1576
6181
2408
3787
2653
6860
5335
3070
4474
2725
5194
2530
2192
351
5475
4575
6504
5792
4843
6067
5735
5784
249
1459
7191
1954
7491
2908
6557
16
3821
4020
2125
4423
1802
2708
3189
2643
4430
1414
369
2285
6678
7124
2884
7767
3061
7416
4452
1357
5278
1914
5589
5140
2403
7017
2532
3981
4194
1673
7062
2311
4853
4204
3467
3447
613
1220
1696
3660
1216
576
6140
6485
4875
1722
641
6316
5831
2869
1238
1799
6147
292
479
3674
1832
1108
3698
1570
219
3455
6737
5774
2694
1591
5490
4592
2989
1524
7656
5518
2372
4845
3283
7673
5231
5836
6613
2865
6739
2723
7756
6675
3656
4429
6167
5583
6968
2785
3364
3546
2167
6491
5461
4022
1950
5272
2456
1834
1178
5820
6262
2440
4944
757
417
1729
2725
6050
2199
623
2864
5284
1685
2792
5756
2406
4580
1030
2325
7027
3670
6305
6581
7307
6142
1839
1653
33
5515
2326
6247
1558
7074
3861
7662
1545
6872
4883
2915
2695
6518
3995
6078
5138
2477
6823
5155
1542
5697
2578
266
4921
6480
4190
7063
3022
4984
857
3246
5838
660
4002
725
3017
2484
6033
3409
2030
489
7106
415
7500
3635
1008
6989
970
4651
3853
2605
2123
4502
5410
2603
1006
7200
875
2895
4749
5705
6582
7549
7094
3095
6870
1033
2632
5554
2390
5375
4745
4193
2732
7285
1842
1681
6078
6528
5770
105
1993
5523
240
4714
4445
1708
6889
6729
6472
967
5838
508
6427
4566
6979
1620
4155
2574
4024
3029
3913
4860
6404
640
2959
3905
1622
4735
2764
1066
121
5739
3027
7375
795
5532
5144
518
3770
289
5681
5492
2710
6461
5413
6475
4544
1754
1619
5860
6269
2551
5207
3988
6403
3007
3977
5423
6354
7187
1323
3832
5035
1579
3028
5309
2401
3057
2510
5233
996
1513
7527
2210
4848
3375
4127
6208
4755
7634
6250
4069
5619
2563
2729
727
276
6713
742
6448
7379
1669
5619
6209
2799
772
3904
1181
6612
405
2492
2144
7204
5823
2
6484
4042
6023
1332
6527
2520
3238
7190
6306
2698
4998
3331
1864
4410
1450
1224
5849
3324
1531
1197
2086
584
6316
383
927
2607
1819
4309
6955
2176
7443
1333
6711
3270
2248
1149
4357
5003
3149
5150
4797
4879
2719
4709
3665
3498
6338
2731
2121
4847
2173
5901
2122
3946
7748
398
3690
2049
4660
4274
3626
3928
2787
166
6681
1744
4289
5919
4478
4584
3329
1743
5953
3161
4542
4167
6046
7347
419
6007
4357
5965
2494
4888
7746
4563
1335
1962
168
5817
1891
4644
642
7459
7050
771
2355
5498
2262
4717
4976
4846
2058
1532
4490
6230
2388
5728
4529
5992
5918
6440
6593
1375
3124
7323
5848
1660
6757
546
1785
5263
4007
7678
4760
5402
1284
4253
2581
5812
1568
3174
4955
2920
913
6288
6616
7387
7020
7581
1954
465
2318
4416
4365
6117
2336
2823
5868
6348
5766
5286
1398
7161
711
4000
3413
7337
2076
5746
1882
7411
4299
985
5797
6749
4208
4704
3677
5467
5361
6464
46
39
1862
2214
2322
5124
849
394
4100
1550
2256
871
832
349
7461
5381
6866
6259
4226
7341
4294
2203
7589
1687
5459
5415
1887
6708
1782
2921
4361
5794
5767
2269
3317
2984
4750
6319
2067
7701
2119
7490
4145
1093
2363
790
1932
3873
68
5017
6570
2168
3970
6423
1207
7587
5951
2909
525
363
3012
259
920
7014
7726
6938
6458
6868
3412
2616
4464
5170
3834
7563
407
2801
421
1398
2500
1063
2298
402
4649
7282
6184
6344
2673
7393
3221
552
3229
5187
668
5032
569
3687
201
6403
1429
6027
2993
3128
1934
7049
555
5613
1153
5983
4139
5903
1617
5768
2479
7189
7080
2125
5102
7612
2672
6780
3348
2990
6773
5552
1526
2037
4004
2463
5928
7087
637
6030
7319
5265
3689
3242
2706
5499
5285
36
2726
1387
616
476
5435
3437
2404
3724
3176
5303
4876
7568
6322
6971
736
2333
6415
4738
3043
4928
7300
6577
3680
2827
1631
5618
7008
1312
7470
4061
6045
1271
2208
3942
295
2979
3350
5505
7595
1102
427
2881
5294
7441
5790
4848
5217
5806
4977
2252
1706
4509
7552
4486
5595
7542
6717
447
6235
3031
2319
241
3588
4136
5350
6756
6230
5204
1655
3300
7342
791
3212
7315
5187
7057
7480
2914
1276
1824
3526
1278
4821
6150
6350
3298
5990
5723
2097
4447
3805
3406
450
389
3476
2107
6300
5199
4237
5551
2522
429
474
6201
7460
6806
5182
3513
3283
2205
861
2069
5345
1780
2480
359
864
820
5870
5189
4749
4257
3438
6736
7266
5599
925
3718
7610
5444
7340
2627
2448
5801
585
5166
115
3707
3734
1123
5647
5221
3809
4111
5331
747
6279
6779
7123
171
6828
5826
5247
3490
2196
5644
4688
7063
5257
3782
1115
5157
1179
7140
5705
2835
3930
6783
4458
1581
4923
5611
2562
5240
491
6669
1649
4351
1178
6587
534
7718
780
3815
1922
4307
3825
5713
624
4551
3594
3312
2691
723
4968
2100
3785
5882
4152
3718
467
86
1996
6042
2955
486
6512
477
596
1942
7290
2923
6686
5664
3387
1052
1709
1732
5568
3309
3519
3866
100
1859
3915
5793
6436
1704
1425
4536
5535
2590
5952
408
1979
1550
2917
2094
3624
3979
6884
7745
295
420
1041
4971
52
4251
6566
903
3640
6243
662
7478
7734
2114
6201
4327
1959
6180
5281
6219
6712
3934
910
5714
321
51
3630
4059
6856
4095
246
5244
1442
7440
5459
2133
6772
4034
46
3830
6100
539
5767
4670
7103
1522
6984
5293
5446
5870
767
5946
6900
2475
6322
7225
2277
4595
1407
1759
1678
2382
4287
1581
6758
7664
4636
5793
916
3862
6652
7652
488
7503
4063
4047
2195
6083
1289
1131
6114
1189
6435
6240
2130
521
5720
5462
317
2453
3948
5363
155
7457
1842
6950
5918
1536
2443
3274
7408
2835
7617
6476
4131
964
7088
5188
3598
6430
5650
3378
7631
3216
329
5986
336
4054
1578
3265
5527
7696
4801
4431
177
2909
4149
5462
5010
2645
3399
2279
2812
608
7338
5180
6171
3121
4576
3234
4182
3859
941
4018
2354
2974
842
5857
5551
2674
5841
6636
6623
4113
1150
5364
4466
2226
3497
5188
1776
1941
3918
3986
1211
6328
7639
3141
4909
550
358
472
6730
574
5381
2298
1561
6051
4138
2332
2762
4603
2013
4132
6457
1533
7061
2982
1490
1505
2113
3780
1359
1328
3804
7467
3840
7131
3238
5627
275
2598
3675
2262
5307
1169
2458
1921
3087
2904
7143
3143
112
6185
287
3816
7529
1272
44
912
5814
1300
2741
619
433
5185
1698
766
1500
1552
7566
4740
1159
6637
5437
5370
3101
1492
5522
609
5141
6026
2855
1810
3577
3933
720
2046
2021
4702
2766
7170
7349
7401
1599
3042
6875
6742
5087
926
61
2422
4067
5648
5327
5673
7192
4729
2398
1410
198
2656
163
1875
6852
731
5684
1998
2157
2468
5329
3271
5876
1497
1588
7575
6046
7456
6410
323
1392
937
4701
5887
5664
620
7763
3541
229
1758
5560
4022
1029
432
2175
3778
3928
1857
1690
1112
5940
6861
7747
896
4400
7594
5137
100
3574
2516
4093
2677
7118
531
4561
2078
4106
6816
1120
925
7038
1068
3923
6263
4041
907
6007
6832
2434
1642
1871
646
1264
4271
5920
4301
4299
5070
5933
2702
2126
478
3727
4572
5769
5927
5673
7657
6726
355
7177
564
2339
5531
2813
6748
2748
6943
7257
786
5041
5291
5228
6307
1575
7707
7311
4692
7207
1330
2065
7176
6691
2409
583
6804
7468
714
7093
2949
6728
6785
5550
3456
7277
4372
3237
1301
6900
1736
5552
7139
2138
3907
524
7406
3243
6758
4332
3229
2898
235
2475
2427
1485
1440
6041
543
5844
2322
5625
4110
7244
1743
1613
5380
1665
587
7589
4044
1191
3226
7576
6455
5846
3914
1735
1031
6249
2993
6639
1688
7499
939
2005
4670
7366
7346
7069
7049
2594
4806
1248
7278
1881
6697
3736
4231
6839
586
1369
6887
6772
4535
4802
1543
791
409
4070
7640
5029
449
5197
6373
5161
7153
4682
773
798
3114
2470
4982
4728
1049
5315
3878
6612
7205
4260
6115
4589
4568
6947
6423
7194
2141
6520
6662
1943
4012
5346
4813
3468
4691
4351
4827
3365
3487
6781
3082
6063
1438
6259
7479
3999
4451
1676
4483
3946
2307
1040
2735
5803
3362
6687
2985
1247
6816
3454
2039
7234
3561
2977
1403
3926
1928
550
3010
6406
3643
2188
7053
6082
470
1983
7737
2010
6037
5878
6658
2862
7038
7354
3036
2202
2339
3517
4926
2429
855
1440
2547
3767
3458
3652
462
3587
4140
2737
4768
6000
713
4931
7026
4958
239
602
5105
6211
4498
3376
7279
4402
2962
3166
2408
5892
3982
3154
2342
1747
1870
4541
1338
5646
3103
2645
232
5547
353
5012
3337
3890
6080
779
7614
3160
4411
5168
6905
2649
5097
910
972
6831
6006
4316
3884
6689
314
789
3985
961
5196
3424
837
649
1492
4272
3782
5788
5640
2731
3045
5764
2023
3935
5812
2401
7146
4554
679
6393
2447
4399
4790
2200
5761
2137
5496
5980
6044
4690
3869
7145
895
4969
5007
7284
673
5405
6950
1874
6987
873
2151
5540
1185
3489
5008
5507
6702
5973
6310
5400
176
7745
6733
5947
4266
3176
6910
1474
5460
7394
1837
7231
3642
3111
1595
6787
1239
1171
675
2615
4652
3921
2701
7362
2338
3810
3090
881
6508
5861
5451
3605
2957
4523
4185
7168
1152
2084
3883
1420
711
4221
896
1097
7507
6810
1598
7095
828
2008
328
3241
2467
5849
108
3164
3958
5111
4263
3433
1625
652
7509
4479
814
3251
2836
2388
7430
7688
7262
2904
4786
321
7738
3738
134
5183
3557
3496
6027
5604
4439
1974
4885
3147
6976
2762
2785
1670
1684
6635
2987
397
6107
3855
490
5633
1964
274
6170
6165
2178
215
1728
5209
7463
2684
3815
5432
3743
7136
974
6763
283
4496
1909
1147
6089
6768
1154
2423
4407
1808
2746
1172
5275
1481
610
689
1975
729
3662
3083
7502
6556
659
3196
547
2129
5805
3353
4852
5545
3823
7265
7183
2951
7331
4199
585
481
644
7607
1997
764
7085
6633
3634
3671
3944
6181
156
4180
2842
7367
5426
6034
3578
3174
3220
2609
1648
7481
1629
5858
5785
2216
5787
4665
2135
3652
3922
4289
4986
5411
3548
4772
385
7109
5691
6442
1206
3604
1320
4759
1509
1143
1559
1190
4242
6716
523
7121
3737
7641
1389
849
7570
3967
886
6654
1041
4036
2046
2407
4368
957
6766
1208
7518
3208
6597
6213
7486
7714
4593
5779
7455
6549
4275
7643
5611
5001
2950
3818
6122
6567
6057
2234
3567
917
5799
4125
2081
1161
3829
846
879
834
2752
2052
4010
5502
648
7628
4767
6218
2579
219
5255
4374
3685
5065
6563
4716
7446
6248
6974
1553
7585
1126
6292
3432
2659
4025
4235
6291
3666
1951
2358
5078
5295
1748
1663
442
4218
3477
2452
6062
2843
5773
2830
410
7513
4713
5654
5456
4285
7160
1380
5498
1166
528
5091
3247
6359
2251
5587
6305
800
4123
5354
7103
2450
2412
878
4015
3943
4356
4786
5618
191
3281
6454
3733
7252
319
6071
7720
7175
1897
7464
3271
6183
7184
5097
5548
5565
2760
7756
5957
2894
5393
6110
5671
553
6780
3213
3444
5713
491
2442
6108
7346
1522
4720
5344
6569
3325
7282
6882
4818
4961
802
3719
6095
361
466
1628
7362
5743
4719
3313
6545
1165
5904
3976
2945
1547
2190
6194
6205
7551
7458
3597
5379
7764
3811
2554
1719
1992
5625
474
5373
748
2387
7339
3011
3125
5521
2288
2747
79
2024
6760
915
1099
6564
6609
5283
5816
3288
1429
1884
873
840
6504
5523
165
583
3008
2040
2713
6788
548
6954
4861
4731
6705
3268
5632
1469
6187
4203
443
4992
1469
1083
17
6345
5297
2473
3725
3962
2533
2652
3228
1636
3099
2772
2580
6565
5591
1024
4529
1473
6992
3654
4256
6931
3412
998
2956
3443
4763
1127
3600
7203
4919
1248
5851
3361
3001
2715
4245
6387
5975
3560
4942
1356
3657
1095
3193
3093
7201
1934
7355
7729
3758
2807
2494
3286
4008
1783
1773
1843
274
1901
7434
5234
77
1849
6745
3335
1500
7381
123
4937
2720
5250
3314
3050
431
2865
6635
3448
5953
4269
1184
5150
2504
1106
1459
216
7430
6011
4744
1088
6952
2457
1982
5226
2693
5340
5489
551
4238
5725
5080
4773
7031
5986
774
188
3573
1124
2891
3894
5062
11
2207
5174
1889
2658
1311
4632
2091
5795
614
1198
3295
4385
7182
2245
5401
7448
1486
3122
7144
6761
6822
5665
7279
6613
4889
6681
7671
7762
7669
963
7652
3260
7459
1015
4569
3484
2826
5756
7432
1813
7501
1299
5607
3267
2274
7394
6206
6700
5736
4602
5700
5826
5874
6944
6943
1892
173
3076
886
399
7203
3147
5284
1393
6811
377
6355
6911
1622
6408
6802
720
1399
4376
7429
3297
6834
5447
1274
2937
62
1701
1128
1799
3041
899
3728
6845
7297
3048
1898
1404
1455
6508
4932
5896
2349
2818
436
6317
1343
7369
3613
6986
7145
341
7335
5828
1270
4094
2854
5425
2276
2973
7548
423
7167
1964
5429
2373
2312
1699
871
4677
2834
5175
6333
1817
1727
4941
527
456
2982
5795
6682
3640
192
7129
2052
4830
2310
6957
1412
1750
6066
6315
1186
5642
498
3069
3086
2002
1496
5362
2902
4317
6924
3906
801
2341
5555
4337
989
3825
2201
6022
2223
4668
3627
5663
2212
6223
625
6766
1415
1444
386
232
1766
3071
5987
492
72
2889
5900
2402
3054
4189
2897
2683
1852
7556
1437
7400
1896
5385
7058
2821
1987
2499
1325
4366
5250
6791
1078
1781
2265
858
2056
3858
2626
2250
1144
2663
3236
1866
2110
7319
894
7599
1302
4493
1045
1922
3220
4999
5984
5215
2555
6922
3219
1608
6733
860
2385
639
3188
7019
7044
723
3540
4620
3355
7242
7577
7107
5223
1344
1519
1376
6911
6945
7507
5945
305
5347
3905
7661
3926
4172
4746
5600
4680
6193
339
7122
2165
6254
5383
5670
876
1375
6314
4505
4672
6220
6584
6039
7236
4171
2872
7065
1991
1969
5125
7269
7127
1804
6574
581
5773
84
3107
6053
1177
7272
5909
4023
3244
3231
1668
1987
6483
920
3340
2155
3256
3969
5869
2029
1512
2615
6497
5748
2832
5707
429
5140
7452
618
3415
7059
4900
4925
2404
3530
6777
471
6091
6045
4286
222
3891
7760
6275
2087
1204
3016
5976
5371
5601
1449
1
6469
7758
1895
6732
7608
211
5260
6636
4086
1551
2793
2091
539
7583
7102
7240
3496
6215
5172
3520
4762
6082
2679
6585
2751
2983
2592
3097
2566
7223
6918
4122
4666
7171
3184
2221
3046
1810
2425
862
652
5173
7
4403
6738
4527
7410
7354
4933
4815
1618
5241
483
3252
4550
6238
2861
691
5943
6168
1728
5397
7268
1956
2230
6028
715
5821
4175
3904
256
4255
5135
1100
7382
2822
2582
56
7710
3816
1272
7719
2065
2020
1103
7536
4494
1232
2639
2306
4804
6960
727
2058
6607
7580
5219
683
3467
5375
5431
38
7644
6707
6048
6313
1499
2559
4302
495
2952
6918
4169
233
5499
5026
4995
6237
3261
19
6579
4788
6276
6204
3996
3973
5015
7578
5455
88
5926
592
3049
5782
6405
3325
4665
5791
6156
88
3090
4805
2098
5605
3628
6914
3386
6452
6691
1042
7094
4916
3742
1723
3452
6671
4993
687
2962
7128
642
3236
7325
7773
5525
406
2848
2273
3155
2674
7083
6373
4214
6278
7716
6662
5008
5302
6108
3508
7621
2230
5015
2089
7743
2476
4894
5889
6166
7486
3712
5069
7253
5845
3917
4672
541
1395
7561
7099
4107
5354
5414
2936
1986
7488
4059
577
309
602
5136
3447
5377
6521
2135
4016
2206
4216
1717
6655
1742
2792
4442
6604
6646
5482
5711
6368
6833
5351
5109
1595
6036
7626
2585
3522
1261
3765
2925
6546
4344
453
4384
5306
4536
1619
7370
6522
4432
4355
3964
332
7668
3051
782
1318
7112
6120
47
6134
3779
7348
336
5702
7324
5680
6811
5332
658
298
5092
5879
5528
3163
2570
6357
12
5615
1913
2589
540
619
7493
693
3064
6990
5978
121
3408
4583
2269
4502
3967
6619
5464
861
827
4855
1337
743
4460
5823
7750
1648
3330
6224
6913
2400
4548
5070
1585
1181
2034
5947
3107
1012
2360
4488
2199
4278
2177
7361
1695
4516
5193
629
5177
1282
4316
1990
2484
1948
4187
4098
7112
3900
5447
2495
2514
5661
7517
6286
3704
5571
5189
2681
7320
5191
5967
963
2881
5868
497
1957
677
5845
5684
4311
4824
3272
3439
5154
4792
4503
490
1741
3881
4341
3000
6416
7202
1083
6516
6501
4211
4187
5915
5111
4437
7173
5478
2628
5912
6012
5197
4687
4978
7674
4001
7306
3641
1184
6348
2549
3970
3463
294
739
1688
6574
5519
6382
2073
5528
7126
7166
3202
4250
425
866
437
5207
6208
76
1230
4650
6407
24
3435
976
5054
2774
5067
6867
4202
493
5129
288
6575
2665
746
7515
7032
1170
7663
4334
43
3048
1010
6665
1382
5630
6112
5690
1549
3521
2280
2825
6968
6471
4104
7327
4062
4148
2308
4882
3003
5385
952
4765
2759
6227
1884
924
960
6412
7127
6068
5631
5516
3477
950
2414
1870
3343
4999
768
4990
6496
5924
7341
6526
981
7736
4512
7262
6842
4088
6377
1446
2534
314
5907
6763
6394
3115
2495
2795
7496
928
4895
4829
299
6304
6572
807
4597
538
3613
3067
7613
4518
1345
1433
5144
6861
7767
4902
5360
2435
2507
5801
4443
2427
3959
4391
3727
4590
5406
1418
6904
5322
7238
5482
4856
5597
1231
5211
2879
2403
64
4415
1763
5573
7648
7427
797
3609
7543
4806
3305
2560
1932
936
6957
1626
565
6117
7513
3039
922
580
5171
1845
1669
2377
4394
6568
1428
1999
3725
2853
1660
333
7718
6471
3535
3887
1191
4596
5404
6907
2315
2761
7614
4320
7159
2448
5564
4170
3456
5206
2471
3587
7301
3751
5048
2367
1989
5512
930
1277
771
4239
3119
2999
1623
902
2797
373
7015
4987
1644
6600
667
6898
4498
4558
4017
1157
6003
7639
6794
3109
1362
762
7602
5889
7039
6765
6341
5001
7258
1351
2633
1201
180
3300
1902
3026
2948
3969
4097
4278
5516
2648
5687
418
4717
5349
785
6680
7339
863
7294
148
831
3264
974
4440
2209
905
6364
7375
4446
4789
172
1912
2613
4082
4496
553
5832
2503
1202
3887
5002
2769
3021
4914
6509
5053
2240
3339
1610
6047
1983
4325
3120
6677
4350
4658
6547
5877
615
3618
5256
5195
3963
3607
7759
3385
1454
3943
6172
7313
1460
5649
4112
6747
1032
3359
4279
7482
2922
4931
4657
2488
5319
7419
7725
4930
6967
1825
777
3218
6892
3980
5492
2715
6327
4099
1283
7735
819
7239
2701
7439
165
1426
4092
2622
6588
2900
2765
174
5706
4178
6138
5574
143
5253
253
5906
7641
1554
7163
4314
508
3320
5797
1574
1639
4652
297
1341
1957
3690
5112
6253
5580
977
2280
5321
2106
5419
4049
7355
73
6747
2292
1109
6460
7447
2441
5869
5906
2057
6004
3683
2777
65
257
3010
6103
3421
5079
3585
7162
6174
3050
3309
5358
460
36
4915
5992
904
3608
4724
3843
7699
5428
7072
4329
273
3035
5022
4945
529
2235
6336
7105
644
6019
5656
1085
5310
809
227
3453
7625
4668
41
1067
4225
1744
3877
1777
3808
1745
2501
3591
7426
5159
383
5046
413
352
6708
1762
1397
7115
2496
5041
5169
6933
3827
5747
1918
733
95
7120
6244
7235
4864
4492
867
1710
856
2530
5955
5623
3753
532
6203
4501
3764
4796
5338
2802
6139
1583
3151
2007
2491
3114
375
545
4379
284
4058
1468
6212
5979
1997
4506
868
4457
1225
2704
6536
4667
7712
2378
4663
6776
1915
1543
4057
6559
6306
2039
5693
1121
4050
2236
2281
2621
4218
657
2692
1767
5099
5479
7715
7530
7344
1499
7286
27
594
6703
7683
690
2156
5388
7539
3282
5155
5075
7364
3798
7397
3096
6682
357
1431
5571
2446
3368
6410
4817
1757
6804
1634
1946
601
4669
4805
6107
2816
3091
2103
7712
1029
5420
5804
448
2042
485
6032
3937
6815
3649
1226
3807
2644
2217
7560
726
3702
4741
2095
5198
4725
1806
1671
6862
2469
1646
2047
3425
4300
167
2258
3964
6001
6523
2265
6178
1478
1378
4833
5969
5788
5859
6487
2373
7584
220
6710
3364
3806
2640
3900
2111
3299
3514
4803
3947
1556
2896
2011
6987
3350
2807
973
5403
224
5943
5799
4632
7717
159
7284
4276
2140
6550
7465
2093
1151
4376
4541
7489
919
4932
3092
1673
3327
4064
737
5443
7739
2229
5800
1920
485
5142
730
2051
4540
1913
4963
3570
4080
3144
3405
3863
3739
5228
2508
1716
6266
6326
3734
5384
6416
4112
582
2129
2944
329
6806
3549
770
6912
1119
4312
957
4617
2768
1306
71
2700
6976
2597
5248
4445
4232
7345
1506
2006
4355
3288
2679
7478
2983
872
4087
1697
6940
3253
1236
2543
7379
1529
1956
6255
2377
23
2788
4520
3015
7122
4210
440
4764
591
7607
4940
253
5925
3469
6221
5627
6693
7325
367
3831
2201
2162
7217
7386
735
6096
3377
96
2380
6866
3492
4020
2824
5794
1707
1471
2370
5579
4124
1298
2012
7296
4359
5055
4528
1741
2382
2493
948
7772
3130
1971
2478
5030
7293
2700
3911
2231
4655
2113
6578
798
1978
151
280
4319
1293
3391
5575
612
5590
6118
4531
2435
4993
1383
2501
3506
1352
5072
7433
604
1461
7372
4929
3355
637
4960
5700
1397
5089
1829
868
6730
7455
3601
1638
942
2483
2092
6705
2104
3334
4441
4417
2421
4161
425
5698
6909
935
1560
4852
594
5355
5128
240
4813
1168
3451
7657
2757
1128
7753
1132
6845
3043
2287
3052
3637
4618
300
3554
513
2961
6916
399
2041
371
2380
3711
5497
4961
1086
7612
2444
2957
5043
6084
2662
5324
7544
7342
7678
2109
857
1285
5854
81
4766
7403
2414
466
6308
6769
4115
1898
7590
1295
116
7113
340
3459
2873
6865
1060
7078
7504
4941
7685
382
4771
2739
5230
3529
6299
5036
5394
1811
6293
1637
7238
5660
4143
4927
6661
5814
4508
7495
4400
4983
7675
1850
5621
197
1538
1865
4039
4338
6111
2804
5014
6043
4682
5811
6267
6937
3642
7676
7472
5039
1105
5352
918
1632
3558
3957
4
1175
3177
4144
388
4567
4568
2781
4282
769
2272
5932
1566
1765
7137
1888
161
6549
4756
4640
1812
5825
5532
4023
3929
7291
4914
1050
254
3401
5205
1470
7474
7369
6810
3514
5273
2278
7466
428
6073
2381
7140
1421
4466
1401
5318
7289
3112
1623
7460
4851
4261
1084
982
6056
6084
6262
6558
4861
4406
7449
1453
5416
6225
2496
3892
5958
6666
315
1263
5514
6052
5211
7147
704
3518
4083
5990
6920
572
377
6200
181
7504
2149
1609
4987
665
3349
2191
2953
5591
2462
2075
6029
4712
6994
1216
4274
338
7381
155
699
7393
4901
6962
2918
5982
4798
3895
3584
2587
1746
3269
2592
21
7398
1903
6939
2568
7713
4024
3222
3596
142
6143
6432
4586
663
4719
5317
5985
2315
4977
1443
7526
3989
4128
6855
4470
1591
749
934
3726
7383
1882
2815
1650
3025
6813
4748
6579
459
2947
1804
3763
5578
2860
3457
3879
3594
4150
7774
2313
1021
2054
969
3885
2313
1984
3007
987
2928
3654
6798
5138
1098
6186
1815
1981
1869
1944
5457
6186
5659
4330
6890
579
3619
5129
125
5875
413
5148
1087
4089
5592
6931
2261
1511
1903
710
6374
2066
4370
1498
4768
2218
6236
3688
5179
5837
430
2128
6802
645
5733
7477
4689
7688
7052
6217
5019
3542
958
5635
2132
824
6277
4497
955
6709
4427
504
3266
2127
6271
1677
29
2357
1118
6183
427
460
5881
6328
6470
4509
5622
7637
1825
6384
7164
3168
4979
5994
6488
1396
1378
2344
2716
877
2765
3561
2316
7321
1602
3703
6042
5895
2636
5146
42
3766
4829
4372
814
4836
3538
2961
7056
6229
7136
391
6674
1188
163
4966
4691
4807
6301
4896
2406
7564
4516
2532
1611
4381
5280
1767
715
6596
761
3897
1479
3464
2862
1452
951
5115
6663
1223
3611
2208
294
6104
4021
323
75
6232
395
6154
921
3786
4515
2919
450
15
5470
4207
2906
4634
7266
4281
4605
560
4085
4396
4210
5141
398
6035
1672
4857
1629
396
6874
995
4589
3206
392
6241
1640
6224
5377
7619
3748
3804
1679
6129
1137
331
7119
1130
4315
1756
1421
6236
2002
6586
1736
7256
5975
4605
3744
6983
765
3876
4726
5751
1475
5471
2580
765
4004
1275
2991
4159
5630
5966
4195
277
1249
454
3013
7731
3918
1437
6589
3214
1674
7571
2596
3239
2302
1151
3243
3444
6417
1182
2838
796
4800
5339
3781
3503
3720
1560
7541
6600
6515
3721
7481
3762
372
252
1707
2156
1268
2254
1024
3470
3803
6603
1973
2026
6424
7200
2395
6582
5487
5193
154
2613
2118
6205
2610
735
2028
62
5045
7006
3993
5403
3735
3336
5557
4436
354
3166
593
1324
1687
781
4904
3799
3240
5930
6821
5446
4379
2539
7179
1899
53
1199
1044
1018
864
3692
5254
5018
6664
3153
1877
2190
288
455
3746
1705
204
3837
5481
2149
7414
5033
6606
3768
3181
39
3370
1494
4647
672
5101
5460
245
4088
7660
2424
3419
3867
6629
7206
5076
1916
3602
6411
2293
301
7191
2518
7125
7402
1338
7305
3071
2779
3398
4897
4588
2210
408
5887
6762
4151
2910
4905
6311
3939
4365
5647
7097
4422
4060
2071
4547
1680
1138
7086
7572
4276
516
5473
7222
404
1869
7276
7352
6210
1784
971
1794
1304
5422
2070
2828
4968
2215
7040
1703
4854
5419
1843
2710
5987
1596
6526
7194
3983
1565
2465
4031
3892
330
3060
6840
2722
3796
1446
6812
7239
1258
488
2116
2583
498
6551
6995
6333
7694
4109
5959
4646
2263
4794
13
3255
2211
6356
344
7764
2394
1514
5623
1069
264
3852
5693
7322
3503
2022
3924
7281
4074
2490
6092
5472
4494
7717
1267
6657
5166
6935
7666
1213
1515
5683
1822
446
7113
6858
7668
5720
643
2288
6012
6404
4189
5574
7664
794
4147
2959
380
170
7490
4035
6398
6690
3539
4954
5888
5862
7461
6473
2177
264
2866
3435
6157
132
1814
2958
1635
1372
5409
4745
3791
4336
2687
7398
5481
5517
2808
3352
1365
5961
1465
2928
3844
98
778
7588
760
3913
3067
3188
6256
7496
3994
5300
2907
5270
852
1769
817
469
3852
4392
7570
574
4117
1963
7171
5923
4296
600
516
1104
6409
6725
3957
7218
5903
1760
1953
3954
238
6840
3570
7723
309
2399
6191
1076
3409
1353
1614
1819
5024
4027
862
841
7686
6768
1354
2571
2931
3418
7226
3860
2924
6006
3794
5231
486
5177
4394
6956
2988
944
5588
3774
1590
2307
2266
2437
3358
6938
708
528
7163
3763
6616
4341
7304
4178
1598
5185
770
422
5316
1381
3326
5068
2884
4648
3040
4710
4783
2264
5288
705
816
2459
3786
1657
1723
4752
1200
2734
4943
7524
995
5186
1204
6668
7299
2120
6926
854
462
4297
4168
839
2053
5749
3761
812
2801
1009
558
2227
102
7617
4957
7615
1935
4531
905
509
959
1483
3414
5566
5939
2260
2861
4585
1131
4823
3445
2643
148
1975
2013
1310
7366
6524
4304
4495
7126
7347
3170
3431
5079
4959
7125
6280
2519
7215
1823
2684
3903
3248
206
7152
4730
4295
1662
4462
3451
1523
7249
5261
1159
4154
6352
2641
5813
1382
6058
6389
5695
6395
3616
661
5672
2563
2050
1032
3316
734
2925
1633
2243
5994
6560
853
3813
1705
4002
348
4290
1056
4427
2329
3781
2824
6659
3497
4827
2664
2716
7562
884
6923
6379
7011
688
6610
956
1570
2935
4937
1833
683
1778
6441
2170
4868
6358
3673
3832
6953
4574
6026
922
4934
2815
1442
7116
7193
5865
7691
5145
378
538
2473
751
6136
2255
6092
3661
6778
1271
2780
1887
2074
3590
5614
6941
2963
2462
5485
3580
3473
3505
4513
2828
5077
839
291
582
5508
7066
7353
3869
1909
4886
701
876
2459
4147
894
7357
4764
753
1448
6169
3428
5450
2036
6324
2019
4081
2821
3498
5923
1361
947
1993
2941
2296
6632
7208
2605
7466
5171
5832
3932
1718
2259
2285
3468
7086
477
4631
6966
4754
6327
2814
6869
63
6703
298
3056
1510
45
32
718
931
3370
514
4707
1158
3743
1277
2811
2830
3860
5917
3817
6963
1341
7684
6419
2152
4662
3113
1925
4234
7077
1168
621
1604
1385
4322
2434
3327
5161
823
5139
2541
5883
7302
3568
3629
7224
2176
1625
7061
2649
3194
4940
6149
1580
6227
2213
5877
18
986
1711
556
5633
1225
1381
1073
3479
6800
1451
7395
1120
6081
4528
1774
6759
672
2428
4301
955
6502
5160
4988
2609
7036
761
6357
360
4137
5547
4469
3389
2635
1929
2666
946
3814
273
2197
7298
6293
4781
7029
4539
1538
5616
2048
1849
50
6503
2734
3452
7260
6312
6554
4420
83
1696
500
1344
6706
7618
3446
416
30
3277
1960
7484
1980
7494
1192
4213
5679
5494
1064
434
777
5114
2810
4600
2122
2820
618
6315
4853
6596
6722
1129
3475
61
5819
5862
5677
6753
6177
2256
2940
1586
6029
4985
7298
6774
3525
0
7181
810
1137
6287
2894
2422
5813
4172
2166
2158
2681
1689
2902
5366
6884
5537
5181
6958
3828
119
7221
1539
979
396
1427
3137
1294
1314
2863
152
1860
1379
4715
4476
2423
4752
7511
4100
1735
2915
3258
887
1715
3645
3362
5829
3383
4711
2100
3787
7630
973
5126
2271
5996
5359
4571
4700
5131
3707
1572
6738
7385
4349
6942
4583
3431
768
481
1163
6815
3621
156
4608
3177
783
3698
1372
512
146
1135
3586
3715
5834
662
1371
1485
7295
4783
1217
1296
4893
5445
4666
1926
2859
6275
3225
6401
470
2537
5271
5660
2311
1366
2816
4820
6575
2400
7554
5659
5458
810
6300
4785
835
621
3304
5927
3792
4623
2753
5809
1876
3273
1215
7259
2874
331
1288
164
1092
4582
2619
936
4434
6311
1955
5629
5694
3556
5894
2515
6975
89
2204
5769
259
5909
7333
7104
7005
6555
1508
5649
3948
568
3042
4060
4661
4261
5897
4945
7336
1278
7115
588
4888
1296
1923
7318
2790
5276
218
7433
1855
3310
2624
6580
2458
5866
3553
6620
2705
5327
3627
5427
5086
4757
6285
7506
5819
2098
4679
2430
1829
5216
6695
4269
4917
4562
5239
7091
5208
1813
4938
3182
140
7372
2757
1147
7575
7709
3571
1980
745
1852
6168
6824
5162
5203
5935
4320
1180
6139
4267
3633
6400
4686
2599
2085
7709
1379
1141
3336
6670
1749
4926
651
5216
1911
6038
6192
3345
6207
2561
892
7121
5085
7685
1167
3038
2775
1244
6821
7048
7232
4511
15
604
411
2510
5510
2328
7766
3978
759
6948
6796
2184
205
325
3049
2669
2069
2990
2026
4131
1938
5566
7613
7092
3636
2217
1116
2438
1610
5303
2634
5326
58
4204
7317
4832
607
2347
3901
463
5565
5190
7209
7241
1339
130
4779
5122
4465
3094
6756
7326
6908
2906
1389
1935
7108
3765
3851
138
2061
178
605
3085
4555
7611
3992
2352
2272
2864
3353
3960
1840
6289
2261
1410
5881
7083
5104
3100
3065
3842
467
5521
5484
3261
4056
4072
5603
2420
4324
1872
2303
1484
2651
4847
1787
5718
7469
3924
4273
5033
2646
7485
4461
3762
5392
6371
7456
6663
664
2509
1450
6422
4313
2949
2870
563
4780
6578
3222
4645
265
4685
1637
2392
6292
1422
3872
2488
1264
6314
5453
3602
4686
3383
2749
7591
4307
4959
17
6770
4135
5771
5006
5737
5734
2788
2859
5675
989
869
2829
7523
7336
3697
1600
1856
2787
6793
1462
4857
7633
3232
7679
387
4879
2800
3519
6719
7586
1771
773
1098
764
1259
2718
1285
3378
2317
263
4121
160
369
5307
4679
5910
4915
412
6180
797
2083
5413
2503
6095
3429
5483
3140
1534
3517
6024
489
7235
1794
6783
734
6684
2520
4835
5263
5053
3278
117
6984
5045
3361
3709
5908
6882
116
3965
1062
5134
3908
4833
7654
6827
1910
5172
5808
7310
2060
435
3528
3670
2240
6052
7014
7137
2612
2060
4241
7660
3430
4962
4737
1105
7210
7550
1342
2284
4634
5989
1535
5598
6605
3297
7693
6143
5922
3024
2185
5575
3434
7196
6482
5234
7673
2964
5222
7762
3004
4414
5399
2608
6556
6329
4160
4544
7752
6859
2396
5775
5314
2429
75
2946
20
382
4232
677
3053
510
3507
5190
2878
4440
3186
3739
778
7423
6797
2581
5526
4042
3697
2255
1607
7015
2291
2997
5667
2024
7655
7438
6434
2043
6134
7654
6500
3014
6218
1470
4727
1873
3311
2756
1665
3896
4038
6337
3137
6565
7706
4005
2981
3582
7005
1001
1940
7435
5434
7323
7409
1566
632
1157
709
1196
1521
4315
1153
5024
5835
6133
1948
1199
2443
2123
1824
1152
2167
2143
2805
1467
1590
5558
4819
6623
4883
4249
4903
4472
4296
3666
4292
1614
3066
1789
5822
2741
4375
210
169
4358
4058
1515
2885
6534
1861
6660
2591
7093
4009
3593
7524
2441
5225
3466
6432
296
1480
4520
2732
4455
6197
5840
2767
3754
6116
4677
2722
3427
6851
1073
5674
6450
671
5255
3384
4974
5480
2773
134
7532
2121
3987
6724
6401
7306
1447
1692
1977
3314
7711
1722
3064
6347
2222
3991
1368
181
312
4503
2368
6826
4097
1212
1221
5132
1577
2163
7098
6533
1787
2188
1000
6468
4734
3903
209
1800
7090
7768
4997
7205
1478
5681
7263
4685
7523
7441
5367
1795
284
6849
960
7487
7042
1658
2832
827
4052
307
4264
1130
2856
6344
2572
2742
588
7771
7114
2667
6020
3491
6993
2474
1727
5712
879
7067
2254
3536
1580
6162
1700
4312
1789
1388
3356
1754
1262
6587
4912
3682
2006
3247
5218
2756
5974
4533
7222
49
686
5542
6295
1575
942
2016
2413
7616
6102
6335
1463
4826
3774
83
573
367
776
4994
1089
6698
66
1114
7097
5669
5886
2279
1023
6996
5531
6459
5152
7374
3436
3046
2348
1845
4973
5912
1034
244
4428
3012
5210
7629
2173
1456
4249
6736
5764
6272
2642
6977
6370
525
818
6182
4828
4213
4908
1026
3659
5081
365
1301
7154
7109
2965
4006
6131
643
6837
4252
1874
1596
5139
1953
6641
2133
1066
4217
302
4468
1684
87
2996
5639
6896
7032
7623
6339
5626
7051
980
7422
4653
3840
6025
6538
5853
6498
3801
5452
2170
3307
5526
5279
1793
3372
1076
1640
3547
990
1122
4636
207
1493
5283
3674
303
436
267
2688
2693
4352
7153
126
3581
1113
1467
732
5282
3791
4613
949
33
5449
4099
6366
3232
3965
6634
7208
2746
2728
3612
2216
1111
7559
2599
999
5246
5089
3912
3157
7447
6414
465
475
3191
6930
7689
775
4566
3375
6850
5997
728
228
517
5277
6795
4347
6676
4643
2374
5118
2988
236
6079
4656
2334
1967
7219
6904
4590
3592
5807
3015
3146
1331
854
2413
2952
1346
3705
3175
5151
1952
626
388
5976
2809
1927
2786
170
2317
7596
1630
221
1866
6848
2564
7674
5716
6545
7033
4194
4881
1022
1939
2055
7105
1668
2971
4661
4546
7042
5344
1721
3608
6970
2676
3285
4512
6534
6
1333
7731
2852
5778
6653
1317
1416
5549
3729
5533
7251
6651
347
2703
5628
374
1821
6296
7382
4579
6829
1548
2387
1812
7258
2652
5407
7155
897
6509
3771
4159
6043
1742
6608
2685
1949
6071
2159
6343
2104
4010
3668
2542
4207
6331
1988
4079
1965
3678
7075
1631
1604
3841
2369
3004
6263
123
4517
7594
5724
2967
3379
4538
666
1555
1556
5126
1445
5699
2946
3484
3319
2545
5921
7707
7087
1653
5895
3551
7265
3141
5809
2283
2680
3504
1289
4609
5476
114
1116
6383
505
4863
3290
2711
3391
2912
5256
7320
6098
1896
4453
3201
2220
7431
915
4989
3870
7104
245
3273
6814
4397
7053
2818
5191
5502
6271
1762
3411
501
376
334
243
4975
4287
5061
6969
6188
6055
986
4866
2460
4923
7670
4905
5759
2163
7754
4676
6068
1497
5777
536
4893
6837
1043
6189
3721
1502
7505
4195
6433
753
4140
6411
5683
1620
1557
3731
5057
3316
6689
2857
758
7698
2314
6381
3800
2929
740
659
7286
6094
2916
2769
5500
250
4224
6053
1770
3393
6567
3583
5120
3793
848
1162
3867
2930
3093
7402
2672
3598
5135
4732
1651
7479
4834
4359
363
968
4383
7418
4177
5972
1686
514
3088
3480
3851
6119
4408
3603
7625
335
2193
6242
2804
2550
5543
4559
1960
7689
6494
5400
2169
994
7182
3217
103
6762
3512
3465
499
5781
5374
1985
1516
3874
6800
7251
4205
3702
310
928
1791
3138
4750
4576
404
3941
6148
3990
4594
5772
2875
5378
1221
4166
4882
1565
693
7219
6148
671
7254
6118
2614
2223
7442
774
3380
880
345
609
161
368
2568
5178
29
1584
5182
1786
2056
4684
423
2391
2181
7565
7677
5121
3578
7653
6093
3745
3251
2682
5156
4030
484
5260
5119
5835
1202
698
5137
313
193
5432
6894
3337
5865
2533
3410
7377
3036
3118
1491
4438
368
311
3478
7400
6564
2604
2768
5860
921
4630
1348
3187
6577
6948
518
4398
4033
5469
794
3688
3927
328
1672
3030
3931
3221
5704
4244
51
4114
1507
6252
5436
1156
6813
5300
4148
5049
5134
647
6949
7098
1195
5219
4617
6982
338
1859
6988
2553
1055
4514
7271
533
4191
2842
5040
1527
984
5867
3539
6028
6202
6985
4308
6274
3911
5581
991
7598
2553
2455
1358
7497
5068
6571
5356
4098
7198
3808
3906
4293
3455
4771
6654
3955
3289
674
710
1149
867
3720
612
5066
2638
3323
758
6349
4785
752
1436
2571
3669
2464
2479
4227
419
7622
606
231
6099
5657
2297
73
560
3925
3132
1040
7308
3744
5120
3501
5853
5249
6601
6630
7353
3102
6146
598
6081
4575
2966
4622
4141
5520
6787
2148
6131
3865
6196
5753
754
1986
7374
1488
556
6077
432
6065
2043
3971
7562
5227
2754
4473
3173
54
1280
697
128
3559
2650
3215
287
202
5449
3338
1356
3585
230
7468
7653
4763
5509
617
1725
1537
4758
3644
1057
5133
7476
5981
847
2036
2886
3123
3567
3595
744
5468
6114
1413
716
7428
5232
6113
2724
599
1487
1187
6268
5674
7365
1230
149
7420
1239
3500
2224
6386
1433
2776
1851
6921
4979
4699
1046
5689
7521
3846
6439
7091
1853
3159
6189
3609
144
7538
3227
6799
4426
1730
2245
3934
6381
2666
492
6528
4631
2970
3817
3922
1189
3396
1212
1332
6541
2529
2139
7212
4674
2975
1064
1327
6005
2499
6211
217
7424
6212
7050
6023
7417
5259
938
4480
4044
3772
6402
4671
6593
2573
3408
285
55
1541
2493
3404
1823
2072
1710
4153
4482
457
223
4356
5467
5577
3986
4618
3547
2911
6520
5278
1945
7227
1256
6342
5147
2800
2931
6627
603
210
7264
4762
3365
164
6151
44
6320
6996
78
5264
3693
1911
3768
5701
4135
50
1542
916
118
5916
4570
4025
7772
1316
6319
929
6925
705
4393
327
4697
1733
3767
2889
1388
7646
2022
7557
3063
4251
953
4298
4235
593
4006
4591
45
7324
6317
1613
6672
5957
7138
316
4011
3486
567
9
7172
4722
1374
4992
3145
7383
712
6320
5723
7243
1893
6137
441
7146
7188
3488
2541
630
7593
2954
74
2110
2994
4421
6309
2072
2733
7376
7760
5685
5116
1107
4828
5386
728
7065
5595
5085
2168
4975
6470
3977
837
2598
6951
1904
3910
2464
1254
4390
6466
6901
3802
657
2353
2303
4055
4921
5112
5382
1394
1406
7228
5686
3604
2594
7370
4599
5761
38
6936
4799
3293
3066
343
1058
5082
1233
7384
927
3676
1905
2899
5301
2633
6570
7175
1031
6935
7330
1873
7505
1518
2127
1559
1858
577
5501
1297
2709
4017
4803
4378
5346
5109
6462
2161
1740
1400
694
6091
7304
5676
2087
3510
3990
4981
4699
4434
2393
5800
706
7158
7237
1801
6174
4621
6399
3395
4871
500
1158
1925
3790
1146
1831
322
5615
4433
226
7754
929
7451
5027
3612
2540
3495
2647
5946
4364
5328
5236
7694
5373
3374
4692
4950
6474
526
6155
4209
3423
1256
3919
4298
3458
566
393
7072
4946
4561
5718
2600
4619
6002
2193
4585
7312
6735
1247
2266
6557
5741
2366
2446
5512
2847
3380
1201
3562
7311
5431
1383
5174
7662
725
4715
5643
558
4542
2927
6590
4247
4186
557
6405
567
6198
5398
1079
3542
1816
4972
3631
3020
6307
3902
655
885
4616
1005
7397
6434
7009
101
6135
3418
7547
5178
1883
3826
1523
5013
7692
3606
5464
6420
7695
4711
7627
2356
5675
7178
4361
1407
7391
6303
7581
3759
3920
4595
4892
696
2720
7728
2103
3740
437
687
6144
3045
4533
7525
5612
6484
664
4913
2595
6140
731
3470
2015
7150
562
5958
3303
3530
6628
6670
4318
132
7442
911
5025
7737
6925
2389
2309
5271
6454
5553
4514
4197
1028
4001
4184
1563
7041
6803
5399
297
4660
6721
2826
2717
4284
6477
3632
1287
3148
7020
4817
1501
3976
2817
2498
3059
5223
6496
6238
6980
4134
2330
3572
7117
7378
542
3846
6002
4839
4284
4081
2837
6290
4279
7569
1309
975
2934
7002
6675
6507
1414
3058
2950
3227
6336
4990
6090
242
4571
3106
4259
6086
5093
4899
5807
4163
5898
4543
6757
2486
3802
5941
6279
4681
4948
5184
6191
6489
5798
3853
5921
3105
3440
3583
3818
5514
5011
7003
3019
6228
3009
4415
5218
1664
5902
5349
3622
1139
5262
5984
6667
3369
3083
6443
3179
7000
3830
6480
344
4850
7246
2117
2181
2511
7055
535
6396
4584
6418
5968
2394
3445
1487
145
3524
3624
5816
7404
6222
5796
4260
7485
4900
2997
6476
4656
4723
5245
1714
4012
7684
4552
6477
5487
1331
7412
3822
7067
7343
3054
1846
3848
5597
4886
1002
3394
237
7528
3672
6571
3532
59
3301
5249
2572
3335
318
41
364
4770
2850
3631
3397
6915
4346
6445
2358
6994
5331
3579
4826
6671
4236
5554
7248
4996
2088
6906
2007
669
707
4435
2383
3371
7165
403
3889
4444
1115
4920
983
5541
1738
47
4751
2929
7180
7216
4500
2646
7169
7611
5617
3783
13
311
1506
5632
1036
5609
5904
3231
2124
3167
7004
271
3291
7287
3183
2138
7018
7330
6489
1045
7552
5272
5430
3757
882
3534
6375
2647
1880
7415
1827
4481
7775
1644
2883
5712
1984
2574
6435
1675
4614
3397
5042
3586
6331
3647
6190
933
5567
6901
1820
5208
2899
2617
1111
103
3871
717
2669
201
6516
1160
985
5820
1013
548
3728
6754
6478
4225
2512
342
3801
3427
5721
5783
6161
3483
836
1897
4823
2227
3788
478
325
6699
1805
3133
1695
7501
2144
5833
6853
6637
6550
2524
82
3299
4820
5167
7100
6101
6880
3620
4742
78
7415
3615
1881
6492
7541
1033
2321
135
5983
1666
6604
4371
7733
7007
3393
5087
120
2535
2858
7440
252
5224
1654
6695
214
6244
3367
900
914
1224
722
5562
208
4283
2032
893
7213
1084
4192
2794
4268
2361
4641
6187
524
6163
3079
2487
1336
3511
2270
4145
4340
7446
2789
6620
7644
1770
3342
2969
1714
4480
5005
1000
139
7169
2472
1400
452
4475
5386
3104
2893
4812
5883
3469
7250
7392
7225
7679
551
5620
6324
682
7231
4628
7
5382
4895
3856
4844
125
1261
3637
4834
2327
4161
1424
3534
1863
7101
1422
6458
3509
7443
2460
6182
1587
2966
3927
3448
987
2471
6142
3558
3200
2653
636
2917
4366
2366
7294
5095
2686
2347
3242
7453
3333
5027
546
3538
893
1725
3474
3888
5859
847
497
6972
2097
5747
5204
7560
4048
1533
681
5426
3865
1174
1291
1223
1891
2305
6723
2146
7452
5963
4481
4238
4902
3756
5448
2126
4133
5822
1136
4035
1510
813
2688
1520
7253
2657
3564
2758
1645
290
6060
5506
4863
3531
3564
3730
7534
1369
631
5755
2228
2146
401
6297
2490
6949
4252
5277
6214
1245
708
215
6640
1779
6643
2593
3569
5243
6978
1335
3422
4740
4409
3205
4429
7046
5717
6684
7713
300
2405
4872
3638
6606
2449
5654
598
5289
1072
1772
3008
5450
7073
3750
1228
1324
3027
7186
2945
5744
7099
4029
6894
6260
451
7763
4106
6519
939
1773
1249
322
4233
6065
5708
6660
6151
2903
379
2180
3241
2729
4675
2159
954
5827
2109
3675
3237
3920
5637
3726
2749
7565
77
5917
7270
4417
4647
397
7059
7116
4167
2267
1196
515
5616
4564
7211
6566
6749
6225
3156
1678
2268
5850
2838
6583
513
1193
4323
6444
7111
7349
2440
622
3938
7500
3280
376
3056
6257
2995
196
80
1778
2421
5977
703
2556
272
2764
2212
7392
5229
1047
5644
2252
1065
7516
4872
4906
6280
7293
4419
7740
645
6234
1143
3426
400
5128
55
2782
2608
6047
2031
256
6241
2644
4032
1237
4208
4037
2940
2424
281
6871
5546
1537
7413
6261
808
5636
5291
7615
4306
6838
2439
1530
1205
4547
7154
1605
7245
4137
1704
3938
4061
366
5332
2927
7640
5606
2088
2777
5149
1694
1966
1460
4339
4758
1013
1946
1931
3663
6362
7157
535
1893
4918
944
145
2042
2225
6836
6274
5762
3417
6702
5742
1708
4889
7074
4721
4555
2540
4277
2419
5748
149
5708
5960
3373
2025
3708
5831
2539
1385
2416
278
7512
7676
1547
2781
5170
4280
2092
4955
84
2335
4465
4890
3732
1868
3126
6878
7276
320
2969
3233
6718
6360
3947
781
7305
7544
670
5032
4588
3354
6919
1215
7224
3523
741
1364
840
3483
1399
4884
4610
6345
4578
3590
3741
6751
2079
3195
3972
1682
6119
2054
5702
3149
2750
2310
5371
3322
5936
1231
527
5065
7738
4175
5454
2251
7283
4479
2197
4898
2783
4537
3230
6532
5529
233
5266
6778
3462
4794
850
89
6038
3033
5212
3775
669
881
6479
3935
7527
6281
7296
3258
6953
3118
2432
5732
3509
5471
3068
451
6917
190
2604
4907
1386
5233
5084
5937
4186
1976
5326
5846
2360
3252
6999
6651
4387
5682
2737
2834
7563
4306
5066
521
7677
3952
3854
5530
1703
6718
3715
7368
104
6325
4055
2595
242
1877
4258
6332
2348
7071
5009
2242
7123
7476
3152
5839
7740
5851
3576
1028
7716
2887
4897
426
7529
7405
4728
7269
4534
6431
2032
6075
2308
3279
7196
1327
6463
4513
6967
836
7120
3400
4629
320
6764
653
5804
1300
4354
1924
3018
1674
1263
357
381
1730
3143
562
3315
4091
3195
2228
3848
7255
932
2172
7516
7013
6734
1003
1082
3191
4271
7502
422
68
4196
4164
878
7010
5080
5770
7141
1390
4040
1027
2031
2346
5108
4387
2300
3352
2867
909
3764
5315
3037
5556
7334
2399
2891
4153
2616
7592
7592
1017
2120
5292
1403
3701
5341
1432
7608
6424
6152
5709
3942
3813
6701
2302
5480
5439
2659
616
3921
7380
3113
3898
4196
4114
750
6437
5706
1443
4395
1919
2802
578
5194
2872
7595
4637
7568
5461
2916
2513
6937
5645
3993
6929
7029
85
3954
6223
1737
1016
2656
5725
3223
7185
1606
7590
1273
3540
1435
726
951
5810
3994
4800
4368
7508
6351
6625
7686
7671
897
5347
3343
4635
4318
7348
4031
825
4822
4102
2224
5408
6843
1979
2726
7650
7474
2320
5031
4869
6720
7148
167
5192
1706
3263
76
454
5585
7648
1292
5083
1396
1409
1283
6490
4095
599
4382
859
3304
5410
5282
1286
3065
3648
1438
3257
3178
1352
3968
6497
1334
1100
1821
1676
6879
5186
3615
1342
3614
6988
5710
5861
6064
5636
2845
4515
2601
5993
865
6079
3513
5657
221
5730
6870
7586
19
2655
4345
5864
1035
1952
6269
1724
2154
4924
4658
4556
3533
6136
4005
7514
4683
3326
3411
4577
305
3931
3880
4927
378
6383
110
5518
34
5495
4998
5745
4092
1931
5056
2685
7110
3952
1605
3925
6679
5299
2025
3223
1054
2108
3819
6408
3636
620
3281
5874
7643
7035
7741
1476
6172
6436
2640
5576
3472
223
6595
420
4981
263
5334
6453
3189
7715
742
5355
940
1359
6614
2567
2790
3032
7211
579
7292
7574
4639
3025
1563
1805
3276
5239
1973
445
6864
5014
3428
5872
2860
3032
5316
890
384
2136
2105
104
5592
147
4832
7060
6902
2914
4787
272
5950
1373
5214
5242
7102
7742
1763
5900
3462
7444
6495
3481
1380
6711
6537
2321
1924
5311
5789
1616
4075
7035
3414
5238
3593
7176
689
5629
7638
5418
6428
4363
6929
3809
7364
5034
2853
2286
7438
890
3658
3228
6474
3372
6220
2485
4174
5950
4929
2485
6021
947
2771
4627
2222
1391
4522
5290
18
154
317
1985
6190
1594
4110
4920
554
2743
2557
7308
2242
1423
6716
6070
7001
6382
7273
4262
7340
2523
1366
4072
1837
7018
966
634
6903
4275
70
2998
5938
2000
475
1456
6562
7755
5634
7710
7703
4663
5653
206
695
4245
1937
6889
6971
5100
2260
6127
5338
1164
6425
7567
1834
5559
3696
1482
7534
6492
7776
3859
7600
3997
1435
5336
5602
6531
3257
7179
5232
2980
887
1634
1142
937
5810
318
1416
48
4789
5147
3599
1008
1081
4419
5101
1792
2289
1790
6544
6723
4557
1756
2306
3284
6704
5456
2920
596
785
2523
660
5586
463
7128
5245
2345
5734
7274
4464
1495
6326
5954
3886
3161
7197
6
7578
1229
7345
3736
7623
5843
6998
4925
4291
1561
1234
5096
6518
3909
3055
4326
1364
1661
6258
6776
5687
4360
3777
629
3966
3506
2068
590
1174
5540
5236
3106
91
534
3959
7553
3893
4846
4694
1720
2614
1016
5335
5395
5715
5454
4079
5871
2379
2849
7156
3324
5258
1011
2786
6153
1796
4463
7054
2813
4703
3747
2744
3646
2162
3940
5071
833
1305
3569
6728
137
7618
7697
1268
2600
4684
2175
7428
6824
4176
2910
1751
2509
4577
2505
6594
1521
1019
1612
4943
2041
6652
5738
487
1426
4302
5714
3863
2075
5445
3184
4237
6254
1517
4497
6116
4028
157
6478
2811
3552
557
7076
5624
6817
6195
207
2243
7449
4325
6822
4065
2628
3344
1801
570
5610
544
4664
5173
7117
6761
6841
658
3717
5710
5885
6964
2555
576
7376
5561
656
1146
3366
7436
7195
7358
1928
4395
2984
1811
1854
306
7765
2014
724
7704
3552
3047
4839
4057
1441
5028
1697
4463
5758
3311
203
5184
1123
6805
127
4224
3502
6674
5088
315
4076
7130
3572
5020
258
2219
203
1288
2514
1771
5476
1693
5353
2365
5069
2896
7013
2342
289
5911
4028
7396
391
5342
7023
5967
3446
4743
5729
4430
2751
6353
5738
855
3248
6040
6754
1110
4545
1317
2527
4780
4029
4485
1042
7736
7188
3095
6542
228
3402
3841
6175
2809
327
584
5626
1233
6450
5313
7696
6916
5777
4951
2102
1194
4907
4770
5703
4150
831
5474
843
5425
282
2115
5928
2353
7517
3625
1597
7047
6304
2671
5060
666
1319
4974
2528
7332
3076
2502
5004
4103
3201
5348
934
2185
3951
6744
5852
595
3292
6250
6466
1313
4074
1967
2094
3199
3410
2345
5119
5746
3998
4922
2626
6325
4640
3481
120
1753
1552
4360
2938
456
2636
5006
6087
5818
746
339
7663
4864
2294
3650
4449
1363
157
4410
405
1391
982
782
3879
5522
3511
7427
1947
5561
4448
5305
4841
3553
1477
4756
909
4182
1961
1270
3663
1783
1504
4418
6856
1408
6873
2219
5052
3367
6907
5945
5003
231
5737
37
1022
2014
8
2082
2549
4991
7577
6197
1626
5163
324
4027
6624
1017
370
4930
863
7206
2171
2340
1350
3000
1059
6622
4158
2778
3119
7558
4582
2810
3130
3341
4757
7555
2775
6261
718
7199
6486
1700
6251
3797
3453
729
4476
7462
2890
5180
1546
6444
1269
2246
2822
5493
3278
4328
633
5192
5692
7215
6507
6989
1059
4638
1039
1252
7576
5856
4808
3357
3665
2480
2943
5899
846
6562
2742
606
4063
2436
4616
1326
7700
1465
4383
6376
2673
2890
685
3210
1145
3388
7263
6809
3249
5926
428
2425
6169
6392
721
2040
7272
277
3308
5856
6397
4309
597
3614
7775
3172
7338
783
2596
7665
2277
7390
7287
3328
3834
5017
3842
197
7487
3055
815
965
2955
5530
3984
7628
2974
4294
2654
3748
364
5321
6692
821
3758
5749
7665
4877
2796
3668
4709
5776
1883
5237
2606
793
301
2289
1567
117
5451
1136
5477
4748
2211
1419
1844
7138
5270
3979
5378
6282
2232
5646
5670
1788
4804
7411
6629
4776
4598
6120
6917
1241
1311
6011
3454
6642
1218
7233
6272
3272
3989
3379
2738
6449
6167
5866
1343
312
4129
3164
2009
6990
1454
1373
5740
3641
7730
965
4810
6039
3630
5214
2482
6700
6372
1686
4858
5995
975
6446
519
5423
4489
247
5991
2661
4285
6406
3062
6801
7426
2003
7245
6941
4077
1001
5620
4335
6088
5695
4300
6688
7436
6767
3785
5337
2233
4874
6547
911
3855
2079
4526
4075
3171
5023
5484
455
5607
7292
6668
4130
1919
449
1208
988
4720
1142
4707
1994
14
4013
3844
226
7352
1739
6252
597
5524
1150
6887
6511
7472
5372
2249
3635
2878
5544
1904
1769
3516
519
234
1969
3838
5703
4107
3788
7273
5225
1573
2299
6552
7017
4454
1048
4507
7207
1818
2918
6376
2194
3868
3320
3037
3908
1119
3777
2470
7107
5409
3426
608
5274
694
2545
286
3403
4096
7236
3002
4936
472
5669
1411
5803
6829
6298
5345
7261
6820
5779
1432
752
610
3824
3618
6001
7757
1717
5505
6334
3747
4726
7333
722
71
1541
4654
5944
2
7371
1841
3749
296
3185
6270
3286
2237
838
1043
4433
2112
3916
713
2691
2174
6048
4976
244
1269
5411
7405
6737
1141
3197
2239
6231
6222
7331
5154
2292
2179
5028
6044
884
7271
4983
7040
4565
5290
5911
4849
25
3528
7454
3856
5252
2320
5406
4946
4880
565
1841
3419
4790
5313
1002
6648
4064
1218
7033
1966
202
7690
1165
7167
7645
5118
4746
3962
4292
2372
1139
6752
2516
147
4362
1037
6839
3109
6975
5590
549
3961
2204
7471
1899
6459
4543
3974
6329
1430
7719
4734
4518
6667
4604
1198
1502
2018
2977
808
5690
4695
1667
3168
5750
5441
5971
3617
458
2907
5478
5159
5848
5061
2186
7084
6171
2244
7649
5397
3963
624
113
2030
3582
3475
1616
824
4122
1536
469
6395
1539
2776
3610
471
153
348
6493
430
2724
2233
2938
3117
1718
150
3588
6396
7429
7221
3394
7658
1777
6954
7080
1514
5164
1357
2730
1518
7150
5201
1636
7647
1095
2892
6363
286
6792
299
1222
756
7583
7567
702
5798
6032
6249
4201
7661
3661
2282
3175
1875
5628
6431
2624
1250
901
2551
1441
6934
6797
5294
324
6061
3953
4922
394
931
1785
1260
1245
5110
3439
7249
6145
6647
218
4205
3741
5579
5396
4742
4221
2886
3112
4892
6774
7483
1079
3623
7768
1047
7195
151
4263
1853
7425
945
7019
3862
2998
385
6085
5093
6568
5785
3499
4392
4346
3700
150
4215
2309
6397
5302
7361
4295
1814
6481
3471
5513
7161
4460
6145
4579
6645
678
700
6827
6561
860
7057
2585
1733
4549
3292
40
6054
4831
3442
5964
6245
6583
5047
2295
4548
4706
2064
5787
6788
4367
4036
4960
7681
5115
2798
4370
7556
2979
592
355
4586
3555
1724
265
1512
5857
4290
5763
5453
4339
4128
268
182
3759
1279
379
932
7414
3917
7475
1474
4369
2999
3198
7212
1082
3793
2431
4272
914
2183
4288
3354
2461
6727
5013
7285
4270
2364
4490
1025
6540
4610
4890
4499
5545
5493
7561
10
4467
6215
2689
7597
1936
3524
2517
2498
1627
589
2728
7603
7557
3711
888
5348
2263
2753
5337
6295
7384
4223
882
3457
6650
69
6893
5735
5350
3622
7230
7533
6176
4855
1601
3239
1318
3518
1851
943
2794
6735
845
1764
5009
5436
2183
173
2981
5573
1876
6162
4537
4431
7295
4952
1988
6483
3653
3413
6581
3716
2791
3407
5653
499
4353
5732
6928
5258
3805
2275
750
4211
3124
1907
1652
6633
3814
3460
7210
6775
6592
5796
3349
6010
4340
2638
3712
3951
5854
1173
1370
5248
3691
4094
6527
1365
2192
2361
4599
6914
7275
2527
5340
1729
3536
6997
3359
7228
906
6808
2696
5955
3487
7174
7234
402
2481
7070
5107
2151
2131
6720
3186
4444
2637
7761
3554
5988
2150
7439
220
5538
2588
3240
2634
4966
1656
7636
6196
1436
65
3110
7055
3565
1457
4944
6899
6947
2717
5878
6685
2323
6790
106
4013
5564
3474
5081
7759
6343
537
6524
2798
7267
4611
2901
2620
885
3695
3057
6872
5668
2343
3479
5907
6393
7638
2517
3983
7631
7350
6137
869
7465
67
4562
3901
5429
663
5563
4697
3449
6897
4472
7023
1377
7034
1562
1569
1413
3522
1828
3981
4375
5758
2077
3632
3550
1885
7542
2658
747
1065
3849
5513
4334
3531
2847
3
5113
5455
7096
4678
5176
6897
4190
7620
2337
7751
224
706
97
6753
260
2012
2489
1329
865
5376
6159
5404
3810
1097
371
1362
3080
6864
818
6178
80
2383
5511
2099
2707
945
6154
825
4511
1473
6727
1420
7069
3898
1921
2112
5352
6159
6719
7632
5288
7260
7494
2198
3495
5435
2593
2895
4906
632
7525
7741
5369
6232
1943
3332
7054
7135
4622
3218
1701
7110
4222
1971
3097
7445
4713
532
5888
3255
7569
1472
3151
4471
4102
5165
6649
6070
4705
6842
1527
6741
5842
5304
6771
7252
7602
3002
6490
7769
4377
3527
7403
1355
5477
6312
531
2332
4240
4458
101
6164
4343
5086
4277
7769
5267
1070
6024
6591
3857
2590
6129
2331
6863
2561
4880
678
3069
1238
3440
1719
3197
6773
5202
834
2189
3508
4071
838
4737
522
4222
6387
6014
4373
6051
2455
4220
3912
3135
1177
5827
4996
2678
2241
793
1780
7089
141
3207
822
2871
2134
2597
1944
7034
4124
2432
7418
917
352
7213
2391
5539
5325
4200
5011
6335
842
6179
6998
6714
5780
1471
5074
2398
6420
6767
6846
5181
1273
6546
5818
4510
2354
2611
1752
3638
744
5230
3936
275
1603
2942
6429
7771
6979
2456
1252
703
5251
479
3245
3961
6064
1662
2675
6992
4859
1011
1757
5264
2050
7197
2395
2051
1071
6323
6034
5130
6977
6820
5694
1641
4067
3135
1489
3494
2324
639
5610
1145
5924
7350
3806
5719
22
1205
4625
4422
6391
1818
4760
7751
3876
6061
537
7454
4066
2351
6686
14
6717
2875
6803
5057
1588
7373
159
5401
3307
3234
2195
1439
1037
2019
2209
4778
4266
7553
6590
1664
8
4706
4470
7174
4791
1463
2877
5993
1501
6519
2831
5765
5970
2363
3145
3576
6025
984
4119
5668
4532
7396
3752
3006
1361
1439
2220
2271
3377
2745
3115
6952
2397
1972
496
3302
6939
6152
7480
1337
661
3854
6560
7749
3005
3319
6980
2714
2863
5035
5896
458
4662
2290
966
2766
2449
6742
4545
3574
112
2876
2244
4718
5933
7147
307
4048
6605
2371
4865
5678
7220
4569
7039
5790
1103
7148
3077
719
5389
7417
5153
627
158
4477
7744
7587
2970
3646
168
7232
4831
5783
7288
2433
6122
692
3420
4648
5570
5253
804
3687
4775
6956
7247
5412
5358
3861
453
6740
1528
2667
1867
4669
5582
1213
3101
6915
702
5527
2278
4767
2221
5396
7401
5608
6194
2740
6940
4354
4086
3573
1548
1240
1791
361
90
5287
4918
5019
283
1262
6465
4243
3290
7473
607
2651
2376
6732
1455
5323
4614
5103
3132
5699
507
600
1237
6991
90
441
5473
5440
2698
6073
638
4747
6472
5774
3153
6367
4581
811
1641
1726
3421
1179
7027
5682
6573
1933
3139
4040
3092
6022
4369
1775
685
820
2538
6795
20
3363
1654
6648
251
2831
1183
4250
1425
3280
2583
426
6743
4540
4050
3131
6849
7484
6851
4774
2612
1798
6785
5320
4947
4574
7230
712
393
800
5962
6105
3543
3835
6828
5584
5025
1074
2334
2131
2637
5169
1126
5600
3760
1886
1781
6532
7526
5276
3162
3192
110
6340
5601
1732
6514
28
4962
2029
6105
5310
6722
7062
3180
1599
6646
2823
188
2274
1871
2711
6525
4564
520
2454
4033
5443
1234
6833
1879
4142
5289
4560
4311
6880
1564
7079
279
3478
3098
2247
6888
6966
1990
1930
6814
3020
3338
7281
1638
3142
7321
767
6246
7172
1740
5543
4504
1348
5960
2577
3392
1713
7407
3148
7773
5319
131
1847
2623
2312
5662
105
4405
5677
6346
1133
3533
7692
6784
1054
575
5745
3795
1569
7261
353
3250
4856
1363
4424
3745
547
7277
4166
5811
7510
4308
4844
6206
487
4744
3052
6539
5524
1894
5805
2447
7223
3063
7630
7633
6413
7636
530
5322
501
356
6384
3823
1802
1751
5391
5495
7687
4558
7359
591
6486
2911
4009
1349
1210
4021
6427
2543
341
4781
7522
5847
4887
4821
2542
7646
4866
2374
2273
4504
7380
87
6786
4986
5050
1019
1091
7164
4121
3073
5741
3318
5363
4795
4185
6661
1531
6392
892
5789
1014
5221
2947
5594
1254
3864
5599
3486
4815
4523
5226
1889
6245
4687
7343
2841
7012
7151
5667
6656
2418
2089
5948
1607
1731
3422
908
4026
1384
5956
1879
3476
7149
241
2843
787
4755
4858
212
786
4223
4838
5215
1788
883
175
5131
3557
5655
2812
6372
1758
1132
4049
5658
1402
5956
2591
6826
4233
2171
3116
2670
5519
2921
5
5925
4019
40
7046
1713
530
92
3313
3812
676
5717
7198
2145
6543
1982
6125
2064
3296
2301
5023
7237
1284
650
35
806
1323
2397
3407
4624
5416
1194
5724
6128
745
5441
6854
1800
2761
2880
2663
4592
4842
7637
3693
5998
6621
6576
7774
5195
2186
1235
5179
4550
3266
1624
2420
5341
2386
7564
4743
6126
2844
185
1656
6598
2338
7650
5060
7705
1901
5882
2487
6959
4246
4891
7699
1774
4264
4989
4345
4733
5308
4108
5133
2017
7469
3211
3420
5686
7309
2558
809
1571
3681
5580
1567
473
7133
2682
5971
7329
4441
4120
1691
6072
3491
3318
724
7579
3402
4014
4612
1908
2083
7314
3655
6398
3245
3667
3102
93
2477
7499
6530
4965
1321
57
5726
6179
3984
6378
5430
2164
4404
3289
7601
5488
4457
4259
2115
3544
3034
7477
7548
6286
6310
1715
5757
4651
4087
5536
6817
1004
2883
701
7642
2953
2767
1424
3689
1838
646
2140
5145
784
5913
2062
6164
3094
4782
3285
918
7530
7727
545
2602
4696
6807
7421
5891
4936
1309
2913
217
2544
1405
7078
7001
3516
1608
4572
7227
2359
1768
2526
5402
4343
6364
5301
1125
7711
3589
1872
3596
5162
4997
4240
976
3023
7268
542
2661
1144
6517
5954
3155
5312
3488
326
4587
7387
6213
5380
6158
4659
845
541
1649
1007
2712
5372
7300
1968
4693
387
5606
1038
5244
6743
1401
3857
1585
1229
1253
468
285
3284
262
940
2482
6452
2392
4776
3256
5113
6243
5567
3836
5368
3274
440
4118
4690
7559
2892
4796
7156
7290
2415
2629
4432
4612
4119
4793
4871
5864
6982
1206
4313
1316
3878
7310
6200
7532
2001
3039
5605
5719
4492
1574
7727
4314
1615
337
1677
1092
6993
5726
3953
4373
4349
4483
4674
6585
3910
3737
3489
4073
3303
3181
5240
5424
2577
6714
6380
3183
6601
2942
5108
3811
1776
7680
5731
2463
4525
3821
5165
805
7695
3968
5160
1003
5072
310
1477
2692
4903
6855
5243
2727
6193
4967
4761
5073
5361
1326
3180
830
3633
3471
261
6173
572
5046
2829
5689
4239
3152
1274
3084
4653
3648
6955
2319
6786
2944
6658
5760
3268
5666
1304
6853
1227
1508
3730
5562
6775
5651
7725
7332
3424
4321
6018
5485
2418
5594
4380
6781
2556
4784
6417
3873
362
4676
1702
5183
4066
901
350
6983
5709
114
3270
4146
3915
6895
5142
844
4824
2586
1480
4773
554
4683
7409
7149
6934
3214
5974
4488
7131
1063
899
1134
4625
6886
1321
4598
3716
2690
3653
5915
2257
7437
1846
7734
6365
5920
2090
5940
1267
4111
5062
2631
5040
908
5876
2784
7119
2713
4401
1929
7708
796
3783
2702
6445
1339
5934
5098
2817
2411
1096
4418
7082
5016
2848
3949
2654
6399
3493
4909
4825
5886
5107
6124
622
4644
3436
4093
2569
4601
7016
6188
2819
1099
5298
3890
4152
6106
2505
5890
1405
2586
5893
3643
5966
5387
6104
2754
4382
3403
2095
7204
2936
1280
4402
1081
5356
5581
3075
1302
7519
5122
3111
7356
2237
7463
3235
7748
439
1864
4117
60
4078
2258
826
6558
6854
3116
561
5936
5671
1885
3344
3988
7591
2164
128
1472
118
3566
5412
3062
4286
5839
4862
3133
2730
7068
6330
5090
4181
3619
4007
511
5463
4521
4870
872
4973
6999
5893
6365
4062
503
6090
3579
3026
6995
5050
3877
7546
2207
4385
6969
578
6309
208
1699
1246
4053
6014
6158
6515
1951
5094
4045
5312
7627
3187
1647
7051
3501
2935
4628
2102
5728
6933
2548
5696
2469
4910
5390
512
5727
5213
7606
2114
6439
5336
6961
2525
1693
1513
1
6217
2665
6130
979
2606
875
434
1659
4606
5198
4132
3163
4018
6277
3160
4014
2939
6514
1393
1615
1315
5357
7489
5652
6239
7642
1089
4788
952
1734
2365
2535
4963
2235
6400
1912
5910
1058
6819
4868
1793
4837
5833
2888
5076
2077
5491
2028
34
5754
4105
2253
4851
5324
2584
7142
4342
3795
5030
967
948
119
3621
2744
464
4393
4381
2690
3790
5768
6062
3529
6016
4934
3625
2803
4741
3827
1761
2528
5744
4425
3074
1529
1902
3714
4216
5538
799
6725
400
3024
1069
3235
7031
2513
74
7492
6751
6088
3683
769
6597
923
1057
5754
4164
483
3875
3907
6438
5058
2187
7672
3100
2582
7670
6447
416
941
1524
5333
230
3847
7162
1586
5962
7714
2589
6482
260
4154
7178
6595
107
3742
3358
7243
7022
2784
2286
4814
7143
415
7190
7209
6677
4723
4608
3592
5007
1597
7090
5168
6769
6094
261
1633
5246
943
2623
6127
6877
0
4171
7536
3173
5802
3294
5167
1950
6050
6877
3230
4970
6902
3717
1936
5959
4226
6123
1892
7186
1731
7514
2409
6791
183
5298
6426
5885
6619
7724
3122
7244
3162
4799
7420
5428
654
2341
1430
4046
5555
1683
2291
2231
6287
681
12
7733
6573
6858
6878
3944
3812
7226
1977
1298
1746
2059
5824
2778
4913
2010
2547
2806
5650
6059
6096
6133
4698
7135
993
6631
5267
1220
7036
5806
6563
7173
7511
3482
5500
7030
7391
6362
7457
5825
2405
7492
7659
199
1579
6970
1835
3752
7064
1618
7101
1833
254
1279
5692
4118
6221
3128
2376
2419
5153
7378
6522
4039
6031
2518
7703
7413
3512
1458
5052
3847
4120
3723
3829
6204
326
2439
5504
7141
5472