100
92
89
63
13
99
30
98
38
31
38
2
37
87
67
16
58
75
4
7
52
31
95
87
39
34
87
68
39
5
94
92
64
51
52
33
17
98
13
92
39
29
13
53
6
31
40
15
73
40
39
52
52
68
68
84
81
98
10
98
88
38
68
68
22
24
40
12
61
39
71
29
83
38
35
57
41
0
38
97
31
53
60
76
97
8
54
89
87
97
33
68
19
1
40
44
72
71
9
74
78
63
49
46
97
61
86
20
62
77
53
13
42
98
39
63
40
31
97
89
21
56
27
93
95
3
95
79
13
87
87
92
98
50
59
98
45
80
89
18
36
23
89
87
14
65
39
53
28
92
48
90
31
13
89
98
66
13
69
31
32
33
38
63
13
26
38
68
85
89
78
63
70
53
31
63
38
25
11
47
55
40
40
43
38
38
98
82
92
91
92
39
13
68
98
40
96
95
63