256
131
184
148
131
253
181
120
131
116
53
63
166
20
20
95
20
83
20
131
2
131
120
37
120
20
235
235
20
235
8
214
172
31
131
18
101
235
243
114
208
20
131
162
82
91
131
133
243
17
131
243
174
185
66
214
198
20
131
235
131
151
214
31
103
156
235
159
218
131
243
11
177
243
65
2
120
235
243
20
200
25
243
235
31
2
243
235
131
129
131
216
2
214
131
120
243
120
20
204
120
113
243
76
243
47
243
131
23
20
31
243
131
131
131
31
235
31
67
2
49
243
230
20
61
20
120
79
249
212
55
140
131
15
20
20
235
192
0
32
45
236
120
235
74
20
127
158
20
243
214
203
219
215
57
235
9
2
235
25
131
235
28
14
131
214
92
26
243
196
214
254
125
25
20
243
20
131
160
235
123
121
2
20
235
25
131
163
235
20
214
25
234
235
131
20
109
131
20
143
33
120
178
20
60
243
243
77
31
68
89
20
16
147
243
2
243
2
243
167
120
243
131
214
214
235
187
225
106
243
131
70
81
1
152
223
211
243
35
78
105
233
154
2
131
169
119
120
20
209
241
31
235
141
171
235
231
214
31
217
235
20
157
30
120
243
235
120
42
246
131
207
243
182
205
19
110
128
235
126
100
173
88
85
5
243
52
243
186
239
131
120
188
25
243
235
41
122
131
243
243
221
235
193
25
194
50
131
235
120
38
25
226
175
137
29
20
22
99
243
2
54
2
131
251
145
2
25
130
120
104
3
12
6
56
235
165
227
80
197
97
189
27
228
214
132
131
252
136
36
243
69
191
93
235
144
31
131
214
40
2
176
150
120
213
51
87
164
190
242
7
64
59
235
179
20
31
2
62
214
243
124
20
20
214
214
131
44
20
58
13
232
20
243
131
20
120
250
135
243
206
120
120
118
21
146
25
31
235
235
244
243
229
34
39
24
199
131
2
4
138
214
120
72
120
180
120
235
10
248
48
183
240
2
71
214
120
220
90
153
94
84
25
108
102
245
107
20
111
202
195
31
43
115
20
20
112
243
238
235
134
170
131
161
31
235
86
131
20
237
247
96
224
117
243
149
2
255
243
139
243
2
2
120
168
155
31
243
20
20
31
120
98
235
131
131
235
131
142
210
20
120
75
73
243
31
46
222
243
31
201