1337
418
884
1194
129
110
546
30
446
354
205
132
1099
1164
629
656
571
597
177
403
1101
129
170
602
801
163
1044
893
363
830
125
41
1234
1078
1308
163
167
1308
474
108
1089
1251
779
199
200
195
367
1087
1251
742
1259
205
582
1188
579
420
132
547
1223
129
835
122
438
320
799
460
725
925
309
688
1125
804
579
129
993
440
829
438
73
582
1097
1129
465
579
886
320
1209
582
36
132
36
891
493
579
322
438
36
605
132
1323
1032
1056
1079
438
891
173
438
1146
1184
1241
1336
205
850
180
809
779
1198
132
452
765
40
966
208
320
902
1128
1324
132
370
51
846
129
56
1056
579
945
546
129
45
765
579
791
438
1057
741
559
172
551
426
135
835
129
129
438
808
73
796
438
655
1028
750
546
132
750
969
546
773
797
532
837
390
546
835
311
74
835
142
164
1
1143
891
450
205
1242
573
1308
546
126
546
769
223
432
891
688
239
1251
546
835
625
474
998
750
517
891
891
132
750
562
765
746
1130
438
161
290
716
457
180
765
1251
835
891
1308
146
540
320
546
1308
835
391
1027
1082
1030
723
129
1324
661
942
457
750
180
958
83
556
163
438
1207
129
132
703
17
25
622
462
129
1094
891
966
132
981
163
835
1251
1118
779
411
40
525
603
1075
467
279
984
579
129
369
1303
1308
765
480
129
117
10
132
1251
118
457
438
774
579
163
322
1335
237
546
1236
765
159
727
541
883
76
163
1324
579
1177
1084
1126
242
495
959
320
259
180
454
36
481
36
98
966
835
455
320
1247
457
934
688
882
457
891
394
579
36
696
1264
163
1122
864
474
396
750
438
611
676
490
1047
869
677
389
823
400
232
120
1240
1251
891
782
985
416
163
1038
1324
1018
474
40
1004
129
84
434
73
750
709
275
835
891
203
688
205
891
836
36
192
983
782
977
325
699
1251
891
1077
205
73
688
180
750
341
448
564
731
132
320
877
1050
457
780
202
1056
760
518
692
205
737
793
1085
48
579
482
287
421
457
1251
924
180
636
430
461
1324
1167
688
635
546
1308
457
11
79
595
187
129
457
36
1155
1319
688
132
782
1019
132
82
966
221
101
1031
54
1324
163
129
544
688
891
365
1046
750
1308
163
73
180
163
511
838
582
180
213
193
966
206
457
1056
1285
750
779
63
975
1255
739
488
782
438
1070
1203
976
546
163
73
36
1251
40
1257
1235
205
1212
530
384
205
1116
686
132
85
582
280
1033
913
765
817
1139
1278
139
28
457
36
132
546
385
73
40
335
1149
1258
582
306
205
1271
1189
132
40
1049
324
1251
129
1324
1214
205
20
205
891
1130
1162
600
652
174
1324
765
137
531
163
931
1325
457
1180
205
1042
228
750
954
565
80
404
166
1130
705
579
303
1324
320
1092
40
1251
299
163
105
765
708
157
40
438
891
768
782
438
136
132
665
560
73
1132
346
1324
854
543
937
438
40
839
225
246
408
36
271
546
132
320
180
37
671
1308
607
1251
9
966
909
810
1043
957
457
579
1251
765
750
936
89
205
1002
163
320
539
129
40
546
438
1046
36
422
1096
1281
40
328
40
1265
320
1152
238
835
180
109
891
1026
1173
1251
320
345
320
1017
1302
1308
694
453
368
457
978
688
1054
697
512
320
12
40
160
383
205
457
1308
732
1309
891
966
1307
1308
320
1106
1320
566
941
508
1063
750
722
129
320
1192
750
205
457
582
150
132
792
132
1083
918
546
180
1120
358
750
132
438
627
485
750
546
1168
1023
835
688
637
788
90
468
36
1046
262
546
964
688
180
423
179
552
129
711
163
36
264
163
112
835
2
735
953
40
752
764
163
1066
463
1268
183
966
1295
688
1331
73
216
582
438
129
758
257
1056
224
966
36
713
1056
966
1232
738
579
438
582
1134
457
891
899
546
778
1251
282
891
132
682
110
78
1297
835
36
132
163
966
129
124
557
1015
180
151
765
73
898
1206
205
30
40
457
1088
1251
638
93
729
777
1229
765
896
387
787
900
278
269
1324
266
320
1249
352
750
320
1225
641
113
546
765
132
417
163
163
730
1006
765
1067
1251
132
579
698
205
553
766
765
554
323
767
53
1058
129
765
1329
457
966
19
201
923
329
688
579
334
66
624
688
320
990
855
859
247
475
55
132
832
1046
790
986
750
688
398
966
1170
320
91
529
765
563
23
688
1251
966
1136
163
951
52
163
966
457
750
579
782
338
427
1109
1324
950
927
835
205
73
129
286
782
688
546
397
763
1251
862
576
1005
966
152
1251
582
457
658
40
1158
185
46
478
579
30
36
803
700
1308
582
706
132
459
1169
129
413
848
999
1284
205
222
1201
782
1324
347
40
546
1172
693
720
272
1314
1251
875
73
546
1121
579
1046
751
1246
750
1193
73
779
205
1220
546
457
946
826
36
438
631
456
1315
831
920
824
701
1308
663
36
783
574
180
133
149
750
782
129
542
163
353
765
132
36
593
989
891
129
1308
163
180
293
1113
750
372
688
614
891
782
579
782
1324
582
659
340
1251
955
1251
689
197
40
757
929
802
612
895
498
1308
1130
457
1080
114
86
1316
1046
256
132
230
320
579
835
765
1324
1252
582
87
979
546
40
765
582
1308
765
399
750
1161
1007
132
750
1324
13
835
243
14
132
205
438
163
876
438
1195
497
438
966
1308
281
1326
154
457
73
22
1056
503
968
765
1024
891
813
707
466
36
546
579
858
579
284
425
1185
6
765
1324
805
546
438
438
1056
1294
438
765
1269
129
534
1251
1324
750
110
162
433
765
484
123
502
457
1182
891
880
683
765
688
132
820
320
1260
474
141
40
104
36
1245
750
40
1190
186
129
546
688
750
966
103
129
765
438
132
510
40
218
438
471
339
110
759
1289
180
724
59
938
646
1251
640
633
1046
207
1308
205
579
438
110
211
835
132
205
320
129
1324
580
582
1251
320
457
533
1324
949
1218
601
219
320
814
1037
657
891
765
438
182
546
1324
572
744
205
18
1211
734
1215
966
681
438
867
691
1040
1277
438
567
546
688
834
582
582
642
344
36
750
966
444
645
205
1103
189
996
651
234
748
129
320
457
582
163
110
634
392
1001
582
582
753
973
750
331
73
129
546
36
714
684
116
1144
438
1086
906
1153
180
1208
438
163
891
982
1076
321
180
236
129
115
970
1324
537
106
320
163
856
424
1124
96
1226
507
36
765
349
253
277
1010
520
765
688
795
546
1104
180
1324
1239
688
685
73
1282
191
577
457
943
1224
966
235
474
438
688
1095
966
265
479
438
438
632
217
320
546
765
457
180
579
205
582
579
100
750
36
163
526
782
457
132
765
688
457
546
457
58
270
688
944
261
765
765
95
316
205
1251
1251
835
73
1298
1324
40
181
997
180
849
180
609
546
132
145
1204
457
121
710
163
546
765
579
205
414
1324
129
72
317
73
582
132
907
380
1196
582
688
1324
375
891
332
180
1117
1156
639
1000
690
205
1014
499
395
674
129
313
180
582
364
579
917
16
546
851
163
40
546
1324
409
205
300
205
991
835
932
132
586
1112
1210
205
1072
30
322
616
1305
765
132
474
569
750
431
592
40
379
1145
73
1154
71
180
1115
966
750
582
582
688
579
36
307
1107
327
506
457
806
765
654
129
765
647
312
366
258
129
1217
163
1308
474
1251
579
1003
374
180
132
726
579
180
579
30
515
129
599
40
546
496
844
180
789
891
546
579
298
719
750
905
245
1313
474
852
132
1243
582
756
939
388
407
40
291
582
966
61
205
40
579
428
130
436
8
962
1266
1029
1251
132
822
966
828
617
438
1308
1251
180
36
1150
745
688
1251
254
292
326
1308
546
180
933
755
1308
1216
168
163
457
750
582
129
649
36
1060
1056
524
1324
0
1183
268
320
102
688
240
180
579
457
163
40
1056
483
1114
1308
132
176
987
457
260
36
1324
718
99
180
1321
853
582
1205
535
966
205
438
244
474
545
40
320
891
320
320
1133
919
873
546
1046
1324
835
73
579
894
835
469
779
1187
546
623
40
798
1233
205
516
1308
21
891
966
779
1263
486
688
575
1213
765
891
1280
579
546
1292
546
695
1008
40
129
688
36
765
438
163
180
750
582
1251
1251
591
15
1197
129
438
153
320
212
40
781
761
750
491
1251
891
662
712
40
891
350
231
322
570
935
1253
688
890
1324
1324
1175
765
205
320
4
878
36
449
1068
889
1306
980
457
582
129
1308
196
1219
438
132
451
132
129
504
688
1056
205
419
1046
750
132
129
675
688
765
180
1135
144
40
615
688
1324
582
204
891
442
688
825
1312
915
163
40
320
438
1064
1055
678
546
1324
492
24
351
688
1048
1308
457
1324
457
688
40
940
267
356
582
664
7
1324
127
156
590
1250
1160
728
509
765
163
1036
861
438
1046
841
579
226
175
132
401
966
891
546
40
765
40
668
815
1308
129
765
589
131
43
519
1230
749
474
765
308
1324
582
750
1304
474
474
1283
40
912
132
546
438
477
891
180
163
457
73
1186
786
613
816
36
343
992
180
688
180
775
438
1147
1308
1324
916
1262
163
891
911
38
111
1251
608
582
771
630
994
546
438
132
73
1100
443
129
73
60
205
40
785
579
148
750
765
31
180
750
205
73
1308
318
40
134
765
382
405
40
578
1039
180
819
750
967
579
1324
1222
870
1231
765
3
1333
474
289
132
750
319
750
750
158
546
546
205
653
827
765
966
36
546
857
129
1016
210
561
381
320
36
143
688
255
205
30
782
132
132
129
1290
1191
386
673
930
546
438
1138
1324
965
1276
582
1202
667
360
5
966
1127
1324
163
579
1267
765
670
474
355
582
40
155
314
750
687
835
73
473
1311
582
26
750
205
536
1308
132
765
522
546
302
129
891
457
357
110
860
73
132
1105
1035
679
110
891
1237
40
180
1181
88
474
688
835
163
163
40
77
1324
922
568
546
330
1291
276
296
40
1179
582
585
779
1308
865
402
438
546
966
140
606
129
322
548
214
457
40
966
762
582
1324
750
132
947
1151
457
721
205
952
874
750
582
129
904
132
190
470
1251
92
688
650
129
457
688
963
73
40
304
688
36
688
132
205
180
128
546
669
966
437
472
1228
750
582
743
438
845
1073
750
233
1251
40
582
807
1299
717
36
584
1273
688
252
582
1081
129
1317
1254
750
1069
1324
688
914
558
44
1270
582
908
129
765
579
295
750
1052
596
40
1046
35
892
800
310
457
903
546
205
582
750
438
215
180
205
579
36
180
180
598
129
610
40
750
1108
33
1308
163
750
1071
966
866
129
1301
1012
180
1251
921
582
464
165
1021
132
50
474
129
784
779
129
688
582
765
410
445
320
1244
579
1324
474
132
966
956
1334
1308
132
129
1221
772
1324
765
132
546
205
129
1061
579
487
180
1324
250
1051
750
1324
205
868
765
438
27
474
129
513
872
1176
205
1322
835
546
333
747
704
1227
702
1098
688
579
40
362
320
765
972
527
550
648
765
1275
1111
1091
582
132
1131
765
582
73
36
1324
288
1059
1332
1308
441
1046
1324
129
457
412
948
588
40
579
660
49
579
458
320
582
871
320
205
1308
163
881
1251
474
47
337
180
1093
523
163
129
457
438
750
1300
474
377
249
688
1090
619
438
129
42
1324
229
618
198
40
371
415
320
579
1074
393
1324
73
129
132
129
546
765
1288
205
628
891
688
818
750
1308
960
1256
1034
966
1165
546
57
1022
811
579
129
966
336
283
843
1166
110
1324
361
36
604
438
188
966
34
301
621
672
132
163
1286
1324
995
579
546
1293
1324
750
765
1251
688
1308
494
70
821
750
320
688
582
305
1324
538
457
439
549
926
1274
1327
765
1296
180
320
1011
1318
1287
505
315
62
457
680
966
129
435
1141
94
180
740
1324
132
966
171
32
966
163
294
1324
320
863
489
1025
163
132
163
68
285
750
643
1251
132
209
765
974
1324
457
765
1119
373
1041
765
248
180
582
750
205
1330
81
163
1140
594
251
447
579
1142
107
129
220
579
1013
147
1238
888
579
40
1199
750
163
579
376
579
500
966
438
1045
833
169
132
715
966
966
438
378
132
812
688
879
65
1251
163
776
227
138
885
73
163
194
178
514
1020
320
1261
765
39
1308
129
840
36
546
1163
688
36
474
546
961
132
782
1148
129
587
1123
1102
501
1279
205
29
406
1328
119
1178
64
579
794
842
966
476
1308
754
782
438
546
438
733
546
891
163
297
736
1062
36
626
897
835
163
342
750
546
132
205
129
205
274
750
36
132
205
966
1130
75
67
688
928
348
1251
163
1248
1137
620
582
582
666
779
129
457
688
582
438
521
901
847
184
1009
1174
582
320
750
644
581
579
688
1310
582
1159
910
97
263
438
457
688
891
69
180
891
1308
429
1308
528
1053
887
835
205
322
273
582
971
132
891
1157
129
582
770
583
163
582
782
891
132
579
988
1171
1324
1251
163
438
765
1272
241
688
1065
765
966
1200
474
555
582
1110
132
205
1324
359
750
546
1308
582