2540
1225
1469
1560
1061
351
2195
2413
1451
45
1443
1338
1061
791
186
324
500
1061
1451
1689
1891
2168
1580
868
454
368
2381
1421
104
150
1421
2385
1136
1207
152
2385
679
1512
487
924
1831
1318
1762
2061
1014
2127
1443
1101
38
2385
1443
324
42
825
324
2195
1861
1014
1026
1528
2413
1847
1720
74
2204
454
1737
659
35
791
860
1432
1421
827
659
104
791
324
1831
162
954
1523
2515
1689
2127
1338
1551
906
1424
1795
977
198
1443
129
975
1443
2408
2127
1451
2285
2515
2381
1514
607
2400
45
756
777
1499
188
2303
2207
2397
1214
576
1507
35
1451
312
1097
324
887
324
1026
252
2246
2385
104
2447
1737
2127
324
1597
1451
1555
1451
1462
2413
234
516
605
339
77
190
1061
1218
2053
454
2465
104
1965
1542
2053
104
1451
1735
1338
234
35
892
1563
809
1603
361
1026
324
2127
1689
2090
1338
762
1214
2161
1527
1572
2127
659
889
331
2028
1689
791
1731
1336
395
888
1451
2221
1026
390
324
2339
2385
2053
1734
104
331
228
1451
2189
211
1061
2381
53
1344
1689
2381
1338
1893
2127
1451
504
1507
2437
292
288
2497
20
2381
773
1255
511
1650
1737
2487
2413
454
1421
2400
1351
1905
1831
521
454
1984
1737
1737
2053
331
1039
266
1443
1338
393
1421
1348
1849
1655
735
945
324
1979
2413
1749
1737
253
829
2400
1347
1443
104
489
1959
791
1453
1689
104
45
1889
2385
1421
412
1595
1365
1349
2198
2127
104
454
1749
2357
2505
1941
358
104
1481
581
1567
177
821
2053
607
1061
234
945
1598
1443
2406
1507
174
1421
1507
2306
693
2223
1014
2165
104
1595
1026
2381
475
1855
853
1551
791
2385
1882
2385
607
1719
659
137
642
953
2290
659
85
1831
1439
659
1903
2325
1297
1053
1138
1241
1826
1451
1737
1338
2515
905
1661
2055
791
2150
1415
2022
1981
1338
727
1299
1737
1595
1061
561
2182
454
1214
1689
217
798
1621
1685
1451
400
1014
1737
97
104
2145
1451
1989
1595
1749
1354
1343
1918
1993
2053
791
12
2065
985
1443
1906
1247
120
556
1298
1443
234
1392
1443
2385
1832
1839
1458
1156
607
1551
2053
1451
1443
2385
324
631
1836
1982
1595
778
2400
331
104
1040
1179
1728
2017
1421
1212
2381
2381
1828
180
1689
2400
1338
456
2385
1214
510
945
1954
1749
1450
1354
2094
2031
1737
1254
1217
386
1737
2
1545
659
1338
1463
2217
454
104
2140
117
1026
2209
343
2335
45
1551
2103
791
2515
2089
2413
2439
1026
1290
1936
607
607
454
1342
150
1595
2381
1683
2158
331
1192
2515
411
2298
2413
1354
659
244
574
2053
2381
428
1451
2106
1668
1694
2195
665
822
1737
1879
454
2385
661
1831
2413
1595
234
2137
791
791
454
1013
1026
1451
1354
1737
1831
1026
659
1931
324
140
1443
454
1595
858
575
2515
1513
307
1030
740
517
1310
1496
2127
1507
984
686
885
2400
1366
2515
659
104
2195
791
1449
2352
1451
1688
191
476
895
2340
659
663
2441
454
1443
1831
1831
22
278
1885
1014
438
1831
1421
290
1628
676
844
2385
2385
324
237
551
1595
35
2381
1398
2344
1831
674
482
884
1337
607
337
324
2127
919
2069
1026
659
234
1451
1014
2053
696
2124
1659
1711
1863
2385
2434
2332
1026
454
45
520
944
104
1595
1451
1062
454
454
2368
1971
2054
2122
2233
1369
872
1842
1751
2032
659
1443
1374
2532
1666
1147
991
454
1730
780
2127
1737
1338
973
2515
1124
1164
490
747
1928
1880
365
1287
35
1904
2516
1048
659
2334
104
2400
1451
1346
2322
2088
99
2178
331
2127
2127
488
331
834
564
1489
942
1214
1866
937
1014
1504
2143
1876
2084
1266
2195
274
1025
2413
1507
234
534
1338
166
2381
990
2253
2136
1421
1999
2385
2053
324
1738
282
607
1756
1026
2448
2048
1532
1443
331
2515
711
2127
2400
2470
1443
1675
2091
791
2070
2515
150
765
243
775
659
791
1609
1507
1105
1709
2512
1995
1737
1551
1061
791
1982
1445
2381
331
150
2400
2146
2385
659
324
506
1486
1497
1829
659
1451
45
45
1451
331
324
546
454
2208
960
1443
2195
258
1595
2385
1963
2343
1061
1860
1436
199
1340
607
2429
2156
2385
356
791
104
331
1308
1443
1335
2053
2452
1991
2413
1238
1737
1447
454
1749
969
791
2515
1507
1214
559
454
1338
1895
1443
2381
2413
1214
360
2381
1421
324
414
2508
592
1505
2478
2381
904
1443
2513
791
1451
1401
1099
2413
2127
2400
45
150
1982
1214
2381
2232
1704
1014
659
945
791
881
2381
1451
1061
459
34
45
2381
133
2210
1831
2081
1595
2400
531
1338
2076
242
454
324
638
1791
2100
1443
950
617
804
659
221
2413
1213
1467
1180
1595
287
677
2160
35
79
150
2461
621
1360
791
1595
980
1568
1932
2127
683
2045
659
604
2354
2222
1867
2191
454
478
1132
2040
1061
607
2109
1239
1335
999
270
659
1750
1492
963
1033
331
2319
320
569
607
1662
1595
2381
2297
196
234
2413
1026
1978
1551
309
1214
1794
791
2381
1443
454
1443
45
2413
1776
1026
1076
1061
1416
62
659
45
1584
2195
1026
1652
1737
2228
1227
1451
2458
1789
1226
0
324
2027
2127
387
1689
1061
71
2127
34
659
1221
956
791
2515
1338
1831
1930
1338
2350
234
1551
2421
45
1173
31
1304
207
1295
2053
2413
2129
1361
2127
2127
2385
1451
730
1183
543
331
1982
1810
35
1019
1095
1737
2288
723
607
1797
722
1737
2114
2479
2331
331
659
623
1086
111
1749
2385
2464
1926
2053
1653
227
1421
454
134
1968
2256
150
2381
2400
210
1338
1423
2363
45
2453
1595
2224
2229
1779
2381
1551
716
945
2041
1014
45
35
1749
2132
355
2212
643
2134
982
966
791
279
1014
234
1595
1451
415
1443
150
289
2053
241
420
2072
1061
338
454
2233
104
2133
2020
381
1507
1412
1338
89
1264
1732
1451
1966
2449
1314
2446
952
2381
1940
544
391
1418
901
454
234
1061
2019
2313
1831
1338
296
2381
1649
2167
1957
1507
1749
1451
1824
841
259
917
45
2481
618
607
324
1451
704
2056
35
1541
2079
597
791
1935
1443
1714
454
1913
1014
344
866
1061
1061
331
1231
1312
941
1061
2086
1451
1577
2052
620
1443
2195
45
712
1916
585
1014
331
1
1757
324
2038
118
150
1843
2053
150
1948
104
1883
641
1902
324
1026
1214
328
1443
2378
970
2400
184
1026
1786
2413
1338
187
2104
14
1338
607
659
791
370
1012
820
2127
750
659
2127
331
2302
1982
324
1214
1831
1606
2324
2053
951
23
724
791
324
1194
2008
1947
45
35
2095
2413
1551
392
1214
739
2068
1640
935
1338
812
131
1595
1061
107
1014
1451
1384
2311
791
2154
2127
566
1451
2053
659
1026
45
1026
285
2413
659
811
1014
651
1579
508
1737
104
1507
2195
2400
238
377
1014
1026
1581
40
1508
2226
2385
2243
2413
1551
840
234
589
1026
2385
234
1137
1223
1559
204
314
2527
732
2073
294
1074
2053
29
587
474
349
1451
2245
1749
1443
1507
2499
2515
421
436
659
1357
659
234
2193
324
659
2127
324
2537
1061
813
331
1765
2515
1026
45
92
1383
2381
1061
1546
607
1061
2262
16
324
1206
2400
607
624
1396
1362
1507
1923
1421
1165
1302
720
2353
1338
965
261
2381
668
2381
324
104
35
1061
791
1081
1014
1476
659
1831
2195
150
1035
514
1061
2130
987
2371
1761
1689
1494
2127
104
1106
1642
2195
1061
2413
928
331
2381
1980
2385
35
2174
1595
454
734
1982
5
442
324
324
2127
45
1573
1421
2515
2413
1198
1518
1026
1281
1354
1109
2276
255
879
2053
2525
601
2430
1471
1737
1014
2360
1143
659
1421
324
324
1884
1029
1737
2127
2515
2195
2485
331
170
1792
1214
1749
788
607
1443
607
1146
1444
139
324
659
1427
2127
114
772
2127
2195
1421
2127
846
324
2247
1061
324
1460
791
974
654
2400
1061
1647
1117
1214
150
322
1898
1451
2385
1210
1157
1114
1964
1397
538
2385
454
1421
454
2206
2407
658
2021
932
682
1443
2413
2413
1243
1338
2003
1816
1326
331
662
1430
1422
1943
1098
1737
1451
451
104
1595
1135
1061
201
2381
2064
2203
637
454
104
2012
1338
208
776
2195
2099
2515
2242
1125
45
1421
268
2053
2405
1042
485
331
1375
1028
1061
659
1016
1819
1835
93
1071
1507
324
45
250
2423
1749
331
1155
1982
331
659
1749
2515
791
1696
2310
1061
331
454
607
2381
104
116
659
1831
1274
35
154
1955
2515
1421
1507
1737
2381
659
104
945
1831
1574
156
659
1831
1507
791
1737
1338
791
104
1026
452
2013
45
1288
331
590
1507
1737
2042
2385
1978
324
234
1244
330
324
2381
239
2462
2413
616
1592
629
1305
1900
104
1443
324
801
132
1737
331
2413
1443
903
2490
1014
916
1022
35
1978
1520
45
1306
1061
2502
2192
1451
1451
234
1451
1014
1443
61
479
945
833
454
2400
1953
1421
764
1569
1338
1978
269
44
486
793
2033
2321
2135
104
2142
1451
2433
461
454
324
1443
150
2195
324
1705
2381
457
2515
267
2385
1443
791
1202
1214
1026
1031
2127
607
607
1507
855
1982
1919
80
1214
2401
2034
1242
791
2127
2400
869
1026
899
791
1026
659
104
2431
234
877
1003
2053
2412
607
791
45
1749
659
104
2385
2190
1026
2381
2005
1443
225
324
1026
297
503
2053
2535
2381
1595
2127
2127
331
331
1595
1338
2520
1451
454
396
2255
1451
949
1364
2510
791
1507
1783
2201
454
1507
1654
331
1595
1595
972
1443
104
234
2515
203
791
1610
1443
659
1089
1588
1781
1338
45
45
1451
1246
532
1338
659
246
104
1674
35
1507
849
791
2249
405
1214
2381
1061
2400
324
35
2293
997
35
1061
1982
1354
1586
1698
2195
2127
607
1061
659
1402
1978
2385
2515
2053
1014
2381
213
2381
2515
426
1338
927
324
945
2400
1363
454
449
2474
276
1064
562
1338
1451
1873
1280
1737
1950
659
645
2385
8
680
2400
1576
45
1551
1451
424
1874
2327
2254
104
234
454
659
1014
675
607
455
659
112
291
341
2097
2472
1338
1026
1737
1087
945
1967
549
106
1833
1749
1822
2364
545
388
58
1488
791
614
430
2318
1982
324
1443
687
2424
1421
2308
1443
1443
104
1554
1061
2385
1451
2381
2320
2385
2287
466
1443
324
1483
18
2385
1067
1303
2214
1744
264
607
1032
324
1026
43
366
2083
2385
1909
301
2381
1656
2372
1831
1451
1050
69
1451
2381
2166
323
2385
1697
2400
1061
102
1142
1338
659
45
477
945
552
2381
1214
2385
726
234
1014
1737
331
1443
2365
2202
2345
1152
427
1026
226
454
1300
728
1540
1209
1706
331
607
2053
45
607
1881
926
423
2127
45
1026
45
2127
103
336
1057
791
1763
839
2515
791
375
791
1599
1686
607
67
2385
331
429
1831
1094
324
639
1507
791
1925
1451
1443
2385
1443
462
2053
1395
955
126
836
234
1187
145
1338
331
659
2400
234
1214
1595
169
1651
1451
91
769
1625
1000
1921
1878
2385
1451
748
1443
1160
234
2385
1507
1451
1456
60
1595
2179
1618
104
912
1359
2315
659
1480
2381
1354
2374
1354
995
1139
193
127
1234
1737
1341
1491
1014
1737
1595
1177
2127
437
530
324
382
45
694
594
1737
2533
272
1335
324
1201
2127
1214
45
1737
324
1742
1451
507
1090
1507
702
1413
2385
2413
363
1910
2381
1284
1507
47
1892
664
659
324
659
659
443
1660
607
1689
1749
2524
1443
1061
1121
882
2443
1507
1144
1052
1338
2381
35
498
2263
1594
1689
2071
1451
2515
1537
1091
2400
1451
7
331
454
1421
797
2283
1507
2400
1443
1907
150
659
678
1354
2314
1503
104
1648
2519
1985
2515
2381
1339
1214
2385
1521
791
2380
1061
1171
45
35
1214
104
331
1014
1788
2127
2235
104
628
1214
1451
1434
454
2037
1214
2002
234
454
1859
2400
1663
782
670
2292
900
2400
1443
2404
2127
791
2346
1745
791
758
158
1595
17
245
533
2195
1548
2175
324
1113
1749
832
945
947
1817
2067
1451
1327
684
384
1451
1176
1595
2385
1737
2385
271
1638
2381
3
2291
234
959
1131
791
1182
791
313
2468
1986
607
33
767
607
1112
2381
2413
1689
35
1061
1026
1211
324
2153
1214
1595
909
1073
1338
1857
1259
731
35
54
1689
646
1753
2163
1749
2385
1451
1443
1831
1689
2269
2413
1186
35
324
232
1277
816
229
2115
2400
454
304
940
1689
1338
331
1831
1270
389
1975
1990
2388
2053
2522
125
233
2141
609
2096
1014
625
1689
1317
1845
2286
104
659
2385
785
433
1353
509
1216
2304
1775
1886
1443
1451
2127
737
2120
1443
2381
454
121
2007
1080
72
1026
1595
1678
1737
1451
1451
607
2127
1214
791
791
104
1228
1551
2195
659
2381
523
1737
761
981
1181
512
1451
1749
2218
192
1443
150
206
1451
659
819
1338
522
1338
1443
454
2413
1061
324
945
803
104
1510
2515
1507
2385
324
1538
1443
2127
45
104
324
771
234
1026
1443
104
2127
2413
2110
1315
2238
2381
2515
324
1443
1214
945
1710
45
1233
2078
1689
986
1821
1443
1477
1421
1026
2381
1693
1982
480
454
45
1676
373
1838
2053
331
791
324
1443
324
2127
857
1994
1014
1443
2381
1026
1014
2387
2216
1608
104
1386
1470
1421
1409
1446
659
2413
1388
45
784
1068
1260
1014
1737
123
251
791
454
49
2500
1419
1451
1507
2127
1437
1490
1958
2152
454
1946
2127
352
454
2127
2260
1920
222
1844
1831
324
2053
1700
2454
234
36
324
1354
1774
104
1627
2400
2336
1595
1335
300
2128
746
878
1737
2413
1335
468
1294
2400
1215
454
1293
1601
1747
1864
632
1421
45
893
2400
2236
2062
454
2018
1044
150
2400
979
1831
417
331
1749
1175
2127
864
315
1871
2392
2463
607
2400
791
1338
1026
1058
454
1713
1373
2358
863
1616
1425
175
707
1451
2482
454
1404
2459
265
45
331
1014
607
1262
1982
2386
1236
2385
50
491
280
2381
454
2127
988
331
1749
1737
2053
1199
1451
791
331
2373
1188
362
45
35
2225
1962
1282
1014
659
2489
146
1737
602
593
1026
555
1831
1214
2053
35
1464
2093
408
425
1852
1737
234
689
1061
2460
1566
790
135
1915
1451
2515
2381
1005
2139
1251
1352
1782
1338
1595
659
659
1014
1414
2400
1443
2507
324
1787
1195
1443
354
1385
1443
1110
1868
1670
1061
1451
2127
2127
659
1551
331
1007
2381
1161
2173
1766
1338
659
230
2127
407
141
1831
1026
2125
2127
2385
1493
128
1622
791
810
1443
779
1737
1515
2517
2385
1443
1451
324
1982
105
2381
1130
1408
945
607
1214
150
2215
2049
2036
324
736
59
142
2127
1595
659
234
2515
1092
260
2237
1841
2381
1858
2385
178
45
2515
2127
540
2196
1451
1433
454
1256
332
1014
2400
2515
1451
1522
1595
1942
454
936
1026
214
109
1061
1411
1240
1451
1122
1061
1982
1607
86
1737
324
2436
570
1162
1338
1133
1041
1451
2467
2381
607
1831
1749
1595
1944
34
1443
1595
1551
1230
331
1145
1533
104
81
1831
1507
1927
1421
774
2195
1400
1669
1178
1118
2385
1982
284
1011
1507
692
45
2053
2385
1061
698
2492
150
588
2296
1708
1982
1443
596
331
1684
563
659
2385
1896
1338
104
1978
37
45
397
1148
1026
886
1014
234
1507
1658
1695
2295
460
1507
2381
2381
1595
1754
1421
331
104
1338
2195
385
2395
745
104
2466
607
2121
35
108
2385
1701
122
1749
791
1338
2375
1061
1736
2176
1292
672
454
791
1737
247
1205
685
1214
1429
484
1014
1530
2413
2515
35
659
1368
1026
95
2127
1922
791
2127
1831
1443
2413
324
2385
1189
2376
306
463
2053
234
150
518
324
104
1061
1451
302
1061
324
584
1807
1323
324
1214
1134
2043
2010
1443
1737
791
659
768
791
1045
1544
1737
896
2400
1020
104
1184
434
681
2400
1338
331
76
2305
1551
150
1551
1457
2413
331
454
1982
1595
90
946
1982
515
469
1451
1749
1689
791
1468
1088
715
496
2211
2039
1590
324
2385
770
104
45
2278
573
1960
659
2127
791
1421
2082
454
613
1529
1338
1982
1316
701
1596
454
749
831
1026
921
659
751
2053
1547
35
331
380
1026
1451
324
1951
1338
1689
1806
1235
2053
2413
403
432
150
35
1257
1737
2385
104
1834
529
1831
1478
2102
2127
1263
234
2001
2385
1749
2147
185
648
234
321
1748
1034
331
45
2444
2385
1169
1689
1451
992
167
1976
324
125
1103
25
1443
1827
2127
945
1451
1741
1551
1737
15
234
182
1804
45
2445
286
1394
153
1443
1632
218
73
324
871
1803
56
1780
195
1623
582
1026
600
1214
1018
2427
333
1507
2385
1854
659
454
791
2053
1335
2413
2127
513
910
150
1014
45
96
1451
1015
2267
1721
1733
870
2515
2381
83
454
1354
1443
234
1737
2118
1014
1061
1332
815
1633
612
1421
2381
1689
690
1737
2428
1056
35
454
1443
659
1331
1870
435
659
1026
1800
65
444
791
791
1502
1595
324
1443
2400
1435
945
2171
1908
1443
791
792
2469
2379
1008
1475
525
2053
1354
791
1338
324
1350
1214
150
1191
586
1286
2381
1831
231
535
2523
1338
200
2425
35
35
2385
791
94
234
1749
1737
2385
1982
104
1190
659
1421
1451
2385
150
2123
659
2053
1111
1150
205
2381
202
1595
659
1551
2400
1689
1737
1014
1507
697
150
2515
1443
1127
791
446
110
2398
1014
324
104
2127
791
2389
914
399
125
194
2515
1451
1061
607
967
324
1451
1613
2127
2381
2385
1338
1354
24
45
34
1487
197
1309
1443
1636
2127
335
2385
331
659
1929
454
1376
2213
1615
1026
2233
1760
1014
2348
659
1689
1689
2199
920
755
1061
1629
2309
1061
155
2127
1026
2528
1061
2418
1272
1831
45
1354
1646
263
607
2234
1595
2381
1061
331
1078
2144
1329
993
2006
2381
2059
1853
634
1801
1978
1154
2030
2113
1014
2381
791
2127
1571
699
326
1123
759
667
1614
331
404
2385
1831
802
2416
2385
467
1667
1595
1737
2494
1443
1061
659
2400
2307
2127
2053
1717
234
2187
1370
32
324
1605
1869
1249
324
1061
104
1443
406
2400
1403
1208
1507
383
325
1664
823
1443
13
2351
2413
938
143
1643
254
324
1890
2116
305
2385
1737
1507
945
2127
2015
659
1405
1451
671
1785
2515
1443
2050
1830
918
2250
835
1726
1641
2511
2385
331
1740
2268
236
10
1014
1381
591
1197
454
1006
1159
1330
1061
234
1727
1061
608
1219
1982
2488
2385
1421
2230
1222
1061
2381
104
595
2127
1749
791
1455
791
151
2053
2381
45
2377
324
104
1978
1877
1451
1582
2385
1026
1451
308
2205
1421
2127
791
2496
1737
1689
824
791
945
324
791
1737
1021
1214
1831
1451
1796
2341
1214
1338
1723
2127
1451
1802
791
2385
2515
35
2009
1026
2385
331
781
324
1070
808
454
1335
1565
2035
422
1037
104
1982
1811
1026
319
789
891
1715
2184
1617
1059
607
560
1421
862
324
659
1141
957
324
2252
1229
1443
1322
234
1551
539
1507
1443
1737
1026
1279
1831
1933
331
838
847
2127
571
104
2282
150
454
1743
317
579
2280
1595
1442
1014
2220
1725
1026
842
234
791
659
1338
1338
505
2063
1749
1443
1168
1324
1591
369
45
1026
2385
848
2403
659
1328
2413
791
98
1338
1595
1718
1982
1214
1196
1061
104
1354
2300
502
1451
1014
2385
1539
2410
324
2515
1296
1551
1451
46
2029
1749
2127
2515
627
554
2279
324
1631
2233
1014
526
791
2330
659
945
2053
2299
1778
1014
1644
331
48
733
1767
2484
1061
2515
1451
150
1061
454
1737
2188
2127
1997
1153
100
1846
1551
2266
64
1595
907
2381
2127
2127
104
2381
1755
1848
791
791
1737
324
2294
324
2200
1026
1451
2381
1149
454
2400
45
104
791
1307
331
791
659
234
1354
1888
70
2504
234
2400
1818
1768
659
1023
2381
659
1551
2155
703
68
2127
2381
2127
2381
1102
1338
2381
898
1703
1474
791
1338
51
2385
150
104
610
1214
2231
1014
223
1689
28
1595
2385
883
82
1634
2515
1551
1014
1969
2400
1253
1451
2381
1595
2317
763
958
1014
2381
1214
688
519
2385
1443
303
2053
1061
1454
1443
104
1334
659
1214
659
1214
2053
550
1813
148
2127
2000
331
104
2108
2381
2257
2381
212
933
659
945
791
1578
1482
2349
57
1507
1026
659
583
1443
1129
1500
1682
659
1406
441
1917
30
1014
104
1472
1026
1014
104
1379
1269
1749
1338
331
2301
310
1014
943
189
1451
2347
1831
1443
2127
1014
874
1061
1978
1561
655
2053
1702
1665
45
324
657
2515
2239
607
1049
147
2075
2456
334
273
1737
1036
799
2385
104
1061
2413
331
9
324
501
1887
837
607
1061
1072
1506
104
104
2515
1689
350
1749
752
115
2127
807
2385
567
1399
890
2381
454
1978
2400
1214
1338
104
1451
150
1026
1812
1338
607
1551
331
630
659
1570
2258
1258
324
1899
2385
454
603
791
2342
1825
1354
2162
2058
1673
1116
1061
2149
791
1961
2385
786
410
364
1507
150
215
1657
791
2337
445
2381
2515
1970
791
2181
78
1443
331
104
497
1443
2369
45
1749
1507
2385
1245
234
331
1224
2381
2087
2259
367
1410
996
1313
1737
1679
104
1200
783
915
2435
1214
659
2051
1831
1061
1338
45
1038
2127
481
454
1831
2127
104
431
1585
1507
2047
2329
1689
2534
220
2381
2475
1535
234
1517
1507
2053
1972
1681
998
55
2381
2521
743
1712
1831
1749
1382
1595
1485
1551
1982
1014
945
547
659
1689
1443
2381
104
249
1551
659
1250
2024
1998
527
1737
104
971
1252
2074
713
45
1126
945
1338
948
1115
1507
718
1739
1119
1595
1061
607
473
1557
1551
875
35
1749
1837
164
876
1151
454
650
2381
1558
964
2400
2493
454
1421
2328
828
1451
150
1140
1009
150
2381
1426
738
1737
1737
791
2053
659
563
2251
2025
1325
1777
1451
607
2127
1451
1338
1443
1939
2085
2275
2127
2396
104
2385
1338
660
1335
2053
1595
2195
1014
830
2391
1014
299
66
1595
1773
2127
1543
1354
1026
1443
2186
635
331
2529
2053
2195
796
791
1204
2127
2385
2227
1809
45
293
2385
1451
2385
1093
1507
1443
1060
75
607
1551
1595
1595
1026
1484
27
1687
791
1338
224
1466
659
934
2394
1495
1992
572
2265
1737
1443
1267
1387
1799
275
729
1167
324
856
2384
1338
2399
1451
324
622
666
1524
598
418
1479
1680
104
2422
2515
1595
742
1793
2476
402
458
1051
2026
1338
4
945
45
1265
1595
409
1595
470
894
1451
2011
1974
2442
649
2381
2413
673
21
324
324
2117
659
1451
607
2127
2400
1335
1358
439
1014
2381
710
219
379
1770
659
2400
939
1061
104
416
2194
2400
1987
1214
2281
331
324
346
2471
495
1378
1823
6
45
150
2451
1061
636
1372
1595
1901
35
1507
1010
1380
1443
1014
45
1749
2385
104
1443
1354
2381
1619
1214
791
340
1085
1536
814
1273
1096
1451
1790
104
2126
607
1261
1084
800
2400
1549
2432
1507
1772
1526
2023
374
607
2066
1749
791
2111
1982
454
45
1949
1291
2473
2400
2312
454
2506
913
465
2381
1451
1798
791
324
2420
150
1027
262
277
464
976
1026
1897
2381
1220
2138
659
705
1443
2270
2450
454
1214
1448
1338
2119
2367
327
708
1417
1534
283
1583
791
257
101
2195
2127
2498
1443
1451
1507
1996
557
1507
2127
119
2164
2127
124
1100
1108
2400
472
35
2480
923
2381
1301
1507
578
2526
2385
1831
1737
542
2264
2359
867
45
150
160
499
1451
150
2385
2180
817
2127
483
1061
1737
248
1764
1420
2495
537
1856
1338
1421
865
216
1407
157
1421
1443
553
2539
911
1911
577
1451
1914
2240
1564
2419
1321
706
35
1203
84
35
922
1338
2503
2273
606
2127
448
1749
1061
1595
2053
791
2277
994
150
324
1063
454
794
1421
1691
1443
2381
2112
1595
717
2501
599
1595
45
331
2127
440
548
1271
1311
1784
45
1158
331
1671
1551
2381
2515
2385
1443
1104
1716
619
150
348
45
1507
1421
1421
541
1451
2381
2127
791
45
1014
536
607
2413
35
902
2356
1587
1737
1421
2390
1214
1758
1172
2233
331
843
1452
700
2333
454
818
791
45
1069
1771
1551
45
1612
1451
1737
331
1978
1338
633
1338
1759
558
1982
45
1214
413
659
1831
2530
150
659
104
850
2381
1014
2409
766
1443
104
1024
331
1166
787
2385
607
1319
1367
2098
1551
757
1338
2483
1440
1983
607
2105
149
2197
851
2016
2400
1737
2381
1421
2381
2284
234
52
1551
659
1443
2127
1451
580
2382
1356
652
2241
324
1443
1551
1620
372
1556
1120
1345
1982
45
2515
1956
2381
1061
1002
2092
659
854
2413
1421
138
2127
880
2531
324
2185
454
644
791
2169
1054
45
1390
1624
447
2383
2400
235
2127
2127
234
1831
181
791
1338
1511
2170
1170
744
1268
492
113
2053
1443
1589
1749
2127
1338
1061
1749
324
852
1952
2195
1047
1749
1988
163
1553
2477
659
1443
978
331
45
2400
791
1026
1595
528
2385
1531
378
1831
1083
2400
2127
35
1026
45
171
324
2413
453
281
376
2127
2289
1982
2381
1278
1214
209
659
1737
1276
2053
1061
316
2107
1451
1079
2402
2518
144
962
1595
1593
2385
324
2014
1737
659
1562
2057
324
1335
87
791
104
1026
2400
1443
11
1602
1752
493
1595
659
2414
1851
1945
1595
615
930
1443
1443
1831
1185
45
1831
2411
1001
1075
454
1026
1451
494
324
130
1043
2381
45
1441
2361
104
2366
1193
1046
1026
2385
805
256
611
2385
19
695
1061
1377
331
1061
1355
1214
1978
945
908
1333
104
342
1107
45
1875
1451
931
1443
2455
1850
1862
2426
725
1724
791
347
1354
2515
659
1371
183
2381
1977
1982
345
234
1509
1065
331
626
2400
2385
454
234
45
318
136
324
1604
760
324
2381
2172
454
1451
2044
791
324
2053
753
324
2400
168
1507
1389
454
653
2400
2515
331
371
1026
1421
1749
1938
454
357
1912
2004
1639
2381
1831
929
2053
2385
1461
1749
1507
329
1061
1393
1443
1338
150
669
1338
2233
1630
1451
1465
165
1550
721
1391
2338
1689
1066
2053
2248
1077
2400
1831
826
1214
1451
2127
172
1451
1459
2413
2400
2385
1865
471
1934
159
419
1872
1451
1163
659
1473
450
1014
659
2385
2400
1421
2060
861
659
454
1699
353
401
1128
1978
1737
1831
1443
1978
311
2385
104
1335
150
791
1026
173
331
2509
1338
331
945
1749
1498
2440
2381
2385
454
2413
331
659
1507
2381
2538
1722
2177
1451
454
2370
656
859
324
2515
2381
1061
1237
2046
1551
2183
2077
1635
2157
1611
2438
2159
1320
331
2381
1815
1840
2323
795
1982
39
2053
1421
454
2400
1690
1729
324
1451
709
2355
607
640
1937
1338
1174
2515
2272
1645
806
1438
1769
1283
1973
45
2326
150
2080
1626
2148
1082
150
41
88
1924
1519
1575
2127
2393
1289
647
45
873
2415
1595
234
2400
897
1672
1248
104
2316
754
1749
845
35
1214
1232
2127
945
2274
35
1808
2491
1746
945
104
150
2536
2417
2400
1338
324
1004
2486
1055
714
1428
398
1516
1014
1014
989
1707
394
2151
240
1451
659
331
63
104
1749
968
659
2385
26
2362
1026
2101
331
454
2385
2457
359
1689
1338
1805
295
45
324
1443
104
2219
1525
1443
454
1014
331
1894
1026
2271
324
524
1677
454
1338
2413
1443
983
925
1285
1507
2385
1501
2381
565
691
1749
161
1831
2514
1061
2244
1692
1061
1061
150
1354
1600
961
176
331
2385
1552
1551
719
454
1595
1443
1689
234
1814
2131
150
568
659
1551
1017
2515
791
1275
298
1507
1637
1338
179
2261
1595
1820
1338
2053
945
1451
1507
1431
741